                          sex          age        quota  school_type
sex               1.000000000  0.071042246 -0.008308657 -0.052660932
age               0.071042246  1.000000000  0.038128094 -0.025031341
quota            -0.008308657  0.038128094  1.000000000  0.248140731
school_type      -0.052660932 -0.025031341  0.248140731  1.000000000
course           -0.043555638 -0.158279068  0.023199726  0.107646338
local             0.022034296  0.074146110 -0.079760091 -0.036697872
way_in            0.060133739  0.112129531  0.126611398 -0.002971829
fail_rate         0.056608438  0.183296016  0.162538833  0.105170863
pass_rate        -0.049322748 -0.196415943 -0.164140740 -0.138569618
drop_rate        -0.027364770  0.004333643  0.030140800  0.151297383
ira              -0.055148578 -0.188683767 -0.111165250 -0.082955866
improvement_rate -0.029966424 -0.083675826 -0.013383131 -0.002723728
credit_rate_acc  -0.026502207 -0.265217902 -0.138476586 -0.141955955
hard_rate        -0.043794968 -0.200361882 -0.159819730 -0.134562261
in_condition      0.055975908  0.075385225  0.096681792  0.050607765
position          0.065168243  0.156097437  0.027410747 -0.101347361
way_out          -0.044769372 -0.155121877  0.024703085  0.086806610
                      course        local       way_in   fail_rate    pass_rate
sex              -0.04355564  0.022034296  0.060133739  0.05660844 -0.049322748
age              -0.15827907  0.074146110  0.112129531  0.18329602 -0.196415943
quota             0.02319973 -0.079760091  0.126611398  0.16253883 -0.164140740
school_type       0.10764634 -0.036697872 -0.002971829  0.10517086 -0.138569618
course            1.00000000 -0.026695843  0.073899969 -0.10048962  0.096476012
local            -0.02669584  1.000000000 -0.020064570 -0.02146408  0.027978322
way_in            0.07389997 -0.020064570  1.000000000  0.01450100 -0.002439465
fail_rate        -0.10048962 -0.021464080  0.014500996  1.00000000 -0.882905307
pass_rate         0.09647601  0.027978322 -0.002439465 -0.88290531  1.000000000
drop_rate         0.01421642 -0.057780904  0.006189100  0.03022256 -0.166932169
ira               0.08308454  0.010737825  0.004376862 -0.60421677  0.614657781
improvement_rate  0.04894505  0.012171689  0.009640054 -0.23278930  0.241072457
credit_rate_acc   0.13270694  0.019579689  0.034823710 -0.57426682  0.612782047
hard_rate         0.11377652  0.043896102  0.007566693 -0.71536428  0.747172499
in_condition     -0.04877023 -0.041687174  0.061957504  0.44412948 -0.413452443
position         -0.09220540  0.004822125  0.008899730  0.44871480 -0.436376727
way_out           0.07574427 -0.030775389  0.033732044 -0.22749212  0.235513011
                    drop_rate          ira improvement_rate credit_rate_acc
sex              -0.027364770 -0.055148578     -0.029966424     -0.02650221
age               0.004333643 -0.188683767     -0.083675826     -0.26521790
quota             0.030140800 -0.111165250     -0.013383131     -0.13847659
school_type       0.151297383 -0.082955866     -0.002723728     -0.14195595
course            0.014216424  0.083084535      0.048945050      0.13270694
local            -0.057780904  0.010737825      0.012171689      0.01957969
way_in            0.006189100  0.004376862      0.009640054      0.03482371
fail_rate         0.030222564 -0.604216771     -0.232789303     -0.57426682
pass_rate        -0.166932169  0.614657781      0.241072457      0.61278205
drop_rate         1.000000000 -0.071831857     -0.044558432     -0.02981415
ira              -0.071831857  1.000000000      0.536432265      0.51671734
improvement_rate -0.044558432  0.536432265      1.000000000      0.25546142
credit_rate_acc  -0.029814149  0.516717342      0.255461416      1.00000000
hard_rate        -0.152446348  0.557232947      0.234593928      0.54620308
in_condition      0.153682739 -0.331059482     -0.146415150     -0.15702457
position         -0.056228565 -0.488637331     -0.236976874     -0.44013457
way_out           0.043916102  0.266387102      0.162267833      0.29121392
                    hard_rate in_condition     position     way_out
sex              -0.043794968   0.05597591  0.065168243 -0.04476937
age              -0.200361882   0.07538522  0.156097437 -0.15512188
quota            -0.159819730   0.09668179  0.027410747  0.02470309
school_type      -0.134562261   0.05060776 -0.101347361  0.08680661
course            0.113776516  -0.04877023 -0.092205396  0.07574427
local             0.043896102  -0.04168717  0.004822125 -0.03077539
way_in            0.007566693   0.06195750  0.008899730  0.03373204
fail_rate        -0.715364278   0.44412948  0.448714795 -0.22749212
pass_rate         0.747172499  -0.41345244 -0.436376727  0.23551301
drop_rate        -0.152446348   0.15368274 -0.056228565  0.04391610
ira               0.557232947  -0.33105948 -0.488637331  0.26638710
improvement_rate  0.234593928  -0.14641515 -0.236976874  0.16226783
credit_rate_acc   0.546203085  -0.15702457 -0.440134575  0.29121392
hard_rate         1.000000000  -0.42105007 -0.395180921  0.23097139
in_condition     -0.421050074   1.00000000  0.182408864 -0.03149758
position         -0.395180921   0.18240886  1.000000000 -0.24719005
way_out           0.230971392  -0.03149758 -0.247190046  1.00000000
