0.04081632653061224,
0.17307692307692307,
0.29411764705882354,
0.19047619047619047,
0.21518987341772153,
0.16417910447761194,
0.25,
0.4375,
0.03125,
0.015625,
0.6153846153846154,
0.6666666666666666,
0.8571428571428571,
0.3333333333333333,
0.03389830508474576,
0.43243243243243246,
0.016666666666666666,
0.6842105263157895,
0.12121212121212122,
0.017543859649122806,
0.0,
0.043478260869565216,
0.875,
0.24324324324324326,
0.4642857142857143,
0.9333333333333333,
0.06666666666666667,
0.4375,
0.0,
0.07692307692307693,
0.1935483870967742,
0.017241379310344827,
0.42857142857142855,
0.8333333333333334,
0.1388888888888889,
0.3157894736842105,
0.0,
0.14492753623188406,
0.0,
0.17142857142857143,
0.0,
0.9,
0.25609756097560976,
0.1206896551724138,
0.022727272727272728,
0.6666666666666666,
0.0,
0.5333333333333333,
0.2571428571428571,
0.0,
0.06976744186046512,
0.2564102564102564,
0.8571428571428571,
0.6666666666666666,
0.14814814814814814,
0.7,
0.3673469387755102,
0.0,
0.26666666666666666,
0.0,
0.0784313725490196,
0.26666666666666666,
0.3333333333333333,
0.4166666666666667,
0.42105263157894735,
0.5,
0.0,
0.0,
0.5,
0.7916666666666666,
0.0,
0.8,
0.0,
0.5217391304347826,
0.1323529411764706,
0.6,
0.47619047619047616,
0.1276595744680851,
0.06153846153846154,
0.2727272727272727,
0.25675675675675674,
0.3488372093023256,
0.06896551724137931,
0.1686746987951807,
0.0,
0.0,
0.0,
0.6206896551724138,
0.5714285714285714,
0.05172413793103448,
0.03389830508474576,
0.06451612903225806,
0.24324324324324326,
0.016129032258064516,
0.0,
0.3148148148148148,
0.24,
0.5333333333333333,
0.8,
0.022222222222222223,
0.9090909090909091,
1.0,
0.16666666666666666,
0.6086956521739131,
0.19298245614035087,
0.017543859649122806,
0.875,
0.7692307692307693,
0.03333333333333333,
0.15789473684210525,
0.5111111111111111,
0.0,
0.21818181818181817,
0.3125,
0.45,
0.1076923076923077,
0.0,
0.5,
0.08888888888888889,
0.38095238095238093,
0.6666666666666666,
0.08955223880597014,
0.4782608695652174,
0.5238095238095238,
0.0,
0.37142857142857144,
0.36666666666666664,
0.016666666666666666,
0.1076923076923077,
0.09803921568627451,
0.2857142857142857,
0.2857142857142857,
0.18867924528301888,
0.15555555555555556,
0.05263157894736842,
0.4166666666666667,
0.22077922077922077,
0.5882352941176471,
0.45454545454545453,
0.8,
0.2,
0.22058823529411764,
0.3,
0.2839506172839506,
0.39285714285714285,
0.6666666666666666,
0.16883116883116883,
0.0,
0.09523809523809523,
0.375,
0.0,
0.3333333333333333,
0.15492957746478872,
0.16666666666666666,
0.1,
0.04918032786885246,
0.15,
0.42857142857142855,
0.13793103448275862,
0.0,
0.23684210526315788,
0.4057971014492754,
0.9,
0.43478260869565216,
0.2,
0.0,
0.0,
0.8666666666666667,
0.42105263157894735,
0.0,
0.55,
0.07936507936507936,
0.1527777777777778,
0.0,
0.8,
0.13513513513513514,
0.3191489361702128,
0.5,
0.11428571428571428,
0.0,
0.6,
0.8181818181818182,
0.0,
0.3023255813953488,
0.13333333333333333,
0.0,
0.2558139534883721,
0.35714285714285715,
0.2571428571428571,
0.041666666666666664,
0.017241379310344827,
0.41304347826086957,
0.0,
0.5,
0.47058823529411764,
0.023255813953488372,
0.75,
0.2894736842105263,
0.03389830508474576,
0.3783783783783784,
0.08,
0.625,
0.05263157894736842,
0.125,
0.06557377049180328,
0.06666666666666667,
0.028985507246376812,
0.22641509433962265,
0.21052631578947367,
0.0,
0.23809523809523808,
0.5555555555555556,
0.11764705882352941,
0.27450980392156865,
0.0,
0.24074074074074073,
0.0,
0.0,
0.7777777777777778,
0.12121212121212122,
0.0,
0.0,
0.09090909090909091,
0.2676056338028169,
0.8888888888888888,
0.03125,
0.3888888888888889,
0.05,
0.0,
0.06976744186046512,
0.043478260869565216,
0.45,
0.21052631578947367,
0.48,
0.6666666666666666,
0.6,
0.3877551020408163,
0.08928571428571429,
0.38461538461538464,
0.017543859649122806,
0.015625,
0.046153846153846156,
0.0,
0.4482758620689655,
0.0,
0.3870967741935484,
0.11594202898550725,
1.0,
0.5416666666666666,
0.25806451612903225,
0.375,
0.18,
0.26582278481012656,
0.2777777777777778,
0.0,
0.017543859649122806,
0.0,
0.34615384615384615,
1.0,
0.5555555555555556,
0.16176470588235295,
0.11764705882352941,
0.0,
0.8333333333333334,
0.3488372093023256,
0.0,
0.06451612903225806,
0.6666666666666666,
0.0,
0.5454545454545454,
0.21428571428571427,
0.29411764705882354,
0.0,
0.04285714285714286,
0.05970149253731343,
0.0,
0.06060606060606061,
0.015384615384615385,
0.625,
0.46153846153846156,
0.16666666666666666,
0.05,
0.5833333333333334,
0.8333333333333334,
0.12903225806451613,
0.09836065573770492,
0.5,
0.8181818181818182,
0.09375,
0.3763440860215054,
0.3,
0.35294117647058826,
0.09375,
0.025,
0.014705882352941176,
0.0,
0.06779661016949153,
0.36,
0.37373737373737376,
0.02564102564102564,
0.45454545454545453,
0.08571428571428572,
0.15789473684210525,
0.0,
0.017543859649122806,
0.75,
0.14285714285714285,
0.6666666666666666,
0.0,
0.23076923076923078,
0.19402985074626866,
0.19298245614035087,
0.3181818181818182,
0.06666666666666667,
0.08823529411764706,
0.3333333333333333,
0.7857142857142857,
0.34375,
0.6818181818181818,
0.41025641025641024,
0.125,
0.03508771929824561,
0.10256410256410256,
0.4074074074074074,
0.0,
0.6842105263157895,
0.8666666666666667,
0.39473684210526316,
0.6153846153846154,
0.3888888888888889,
0.2,
0.5714285714285714,
0.4,
0.23529411764705882,
0.5862068965517241,
0.056338028169014086,
0.12244897959183673,
0.08163265306122448,
0.015384615384615385,
0.5909090909090909,
0.0,
0.22727272727272727,
0.016666666666666666,
0.5,
0.6666666666666666,
0.7692307692307693,
0.23529411764705882,
0.030303030303030304,
0.47058823529411764,
0.4838709677419355,
0.5517241379310345,
0.375,
0.45161290322580644,
0.6,
0.15492957746478872,
0.34615384615384615,
0.015873015873015872,
0.3076923076923077,
0.18181818181818182,
0.625,
0.37142857142857144,
0.03333333333333333,
0.03333333333333333,
0.0,
0.6363636363636364,
0.46153846153846156,
0.16666666666666666,
0.07936507936507936,
0.031746031746031744,
0.05,
0.07692307692307693,
0.043478260869565216,
0.75,
0.017241379310344827,
0.2857142857142857,
0.17142857142857143,
0.6,
0.07352941176470588,
0.0,
0.21951219512195122,
0.2222222222222222,
0.75,
0.6,
0.0,
0.5882352941176471,
0.3076923076923077,
0.29545454545454547,
0.23728813559322035,
0.6666666666666666,
0.43243243243243246,
0.15384615384615385,
0.01639344262295082,
0.8,
0.37142857142857144,
0.375,
0.5,
0.015151515151515152,
0.0,
1.0,
0.30864197530864196,
0.0,
0.034482758620689655,
0.45454545454545453,
0.14285714285714285,
0.047619047619047616,
1.0,
0.0,
0.13953488372093023,
0.21739130434782608,
0.034482758620689655,
0.21052631578947367,
0.0,
0.36363636363636365,
0.7,
0.125,
0.23076923076923078,
0.39285714285714285,
0.4,
0.0,
0.30303030303030304,
0.18181818181818182,
0.27906976744186046,
0.8,
0.0,
0.45454545454545453,
0.06382978723404255,
0.0,
0.39285714285714285,
0.4,
0.2159090909090909,
0.3684210526315789,
0.55,
0.6153846153846154,
0.31521739130434784,
0.1875,
0.0,
0.52,
0.7692307692307693,
0.2727272727272727,
0.12903225806451613,
0.4,
0.2,
0.16666666666666666,
0.5384615384615384,
0.6923076923076923,
0.19480519480519481,
0.5652173913043478,
0.4,
0.0,
0.125,
0.8333333333333334,
0.34375,
0.07042253521126761,
0.10344827586206896,
0.11764705882352941,
0.0,
0.625,
0.12121212121212122,
0.07142857142857142,
0.0,
0.3142857142857143,
0.3157894736842105,
0.5454545454545454,
0.03333333333333333,
0.14285714285714285,
0.3137254901960784,
0.017543859649122806,
0.25,
0.3484848484848485,
0.0,
0.37142857142857144,
0.0,
0.041666666666666664,
0.10714285714285714,
0.42857142857142855,
0.0,
0.23076923076923078,
0.32222222222222224,
0.2,
0.0,
0.0,
0.38461538461538464,
0.3888888888888889,
0.8888888888888888,
0.017543859649122806,
0.0,
0.42105263157894735,
0.0,
0.1044776119402985,
0.8235294117647058,
0.016129032258064516,
0.19230769230769232,
0.25,
0.14285714285714285,
0.16901408450704225,
0.056338028169014086,
0.16216216216216217,
0.19402985074626866,
0.46153846153846156,
0.03333333333333333,
0.01818181818181818,
0.8,
0.1111111111111111,
0.16666666666666666,
0.19718309859154928,
0.0,
0.14864864864864866,
0.0,
0.6666666666666666,
0.0,
0.11538461538461539,
0.14285714285714285,
0.07017543859649122,
0.03225806451612903,
0.22950819672131148,
0.19230769230769232,
0.27710843373493976,
0.7142857142857143,
0.5454545454545454,
0.109375,
0.016666666666666666,
0.47058823529411764,
0.2608695652173913,
0.4,
0.391304347826087,
0.15789473684210525,
0.2222222222222222,
0.14285714285714285,
0.0,
0.15789473684210525,
0.03225806451612903,
0.07575757575757576,
0.18181818181818182,
0.32075471698113206,
0.038461538461538464,
0.1509433962264151,
0.1,
0.6,
0.8666666666666667,
0.5555555555555556,
0.5,
0.7333333333333333,
0.2222222222222222,
0.017543859649122806,
0.17647058823529413,
0.2857142857142857,
0.5555555555555556,
0.05,
0.015873015873015872,
0.08955223880597014,
0.09836065573770492,
0.46153846153846156,
0.20454545454545456,
0.14492753623188406,
0.016129032258064516,
0.16176470588235295,
0.046153846153846156,
0.36585365853658536,
0.6428571428571429,
0.0,
0.875,
0.1891891891891892,
0.0,
0.375,
1.0,
0.2222222222222222,
0.08196721311475409,
0.14925373134328357,
0.41935483870967744,
0.0784313725490196,
0.02857142857142857,
0.046153846153846156,
0.13636363636363635,
1.0,
0.3684210526315789,
0.0,
0.8,
0.136986301369863,
0.05357142857142857,
0.13636363636363635,
0.10606060606060606,
0.125,
0.0,
0.03571428571428571,
0.8333333333333334,
0.5135135135135135,
0.2535211267605634,
0.3684210526315789,
0.5,
0.017241379310344827,
0.0,
0.11764705882352941,
0.17391304347826086,
0.043478260869565216,
0.08823529411764706,
0.11538461538461539,
0.0,
0.07936507936507936,
0.04477611940298507,
0.0,
0.6666666666666666,
0.14285714285714285,
0.05,
0.06451612903225806,
0.47058823529411764,
0.03389830508474576,
0.015384615384615385,
0.37209302325581395,
0.17857142857142858,
0.14285714285714285,
0.2222222222222222,
0.8,
0.15789473684210525,
0.5217391304347826,
0.3333333333333333,
0.056338028169014086,
0.029850746268656716,
0.8,
0.0,
0.14084507042253522,
0.23809523809523808,
0.1232876712328767,
0.044444444444444446,
0.03571428571428571,
0.42857142857142855,
0.17307692307692307,
0.30434782608695654,
0.0,
0.14285714285714285,
0.1076923076923077,
0.12280701754385964,
0.6363636363636364,
0.6666666666666666,
0.18055555555555555,
0.5454545454545454,
0.1891891891891892,
0.5,
0.875,
0.36363636363636365,
0.5454545454545454,
0.06779661016949153,
0.5,
0.05172413793103448,
0.17142857142857143,
0.8,
0.0,
0.75,
0.40425531914893614,
0.25,
0.13846153846153847,
0.1111111111111111,
0.15384615384615385,
0.125,
0.48,
0.2542372881355932,
0.2903225806451613,
0.2777777777777778,
0.2777777777777778,
0.13513513513513514,
0.6470588235294118,
0.16666666666666666,
0.19444444444444445,
0.4166666666666667,
0.08571428571428572,
0.07042253521126761,
0.03333333333333333,
0.24,
0.9375,
0.015384615384615385,
0.4117647058823529,
0.2823529411764706,
0.2786885245901639,
0.017241379310344827,
0.0,
0.2682926829268293,
0.3055555555555556,
0.38095238095238093,
0.15,
0.15384615384615385,
0.45454545454545453,
0.46153846153846156,
0.14285714285714285,
0.3793103448275862,
0.15555555555555556,
0.7272727272727273,
0.75,
0.04285714285714286,
0.43333333333333335,
0.5555555555555556,
0.07462686567164178,
0.0,
0.14705882352941177,
0.0,
0.14492753623188406,
0.057692307692307696,
0.19117647058823528,
0.0625,
0.42857142857142855,
0.5,
0.04838709677419355,
0.0,
0.22580645161290322,
0.07462686567164178,
0.06666666666666667,
0.046875,
0.7142857142857143,
0.05970149253731343,
0.12307692307692308,
0.875,
0.2857142857142857,
0.20588235294117646,
0.36363636363636365,
0.0,
0.2571428571428571,
0.7692307692307693,
0.09375,
0.06349206349206349,
0.13333333333333333,
0.2608695652173913,
0.07462686567164178,
0.20408163265306123,
0.25,
0.3333333333333333,
0.5,
0.2833333333333333,
0.4057971014492754,
0.10344827586206896,
0.0,
0.031746031746031744,
0.017857142857142856,
0.0,
0.36363636363636365,
0.10714285714285714,
0.2727272727272727,
0.015873015873015872,
0.2619047619047619,
0.0,
0.07407407407407407,
0.8181818181818182,
0.8,
0.5,
0.7777777777777778,
0.25,
0.0,
0.34375,
0.2,
0.016666666666666666,
0.015151515151515152,
0.0,
0.027777777777777776,
0.4117647058823529,
0.4444444444444444,
0.20930232558139536,
0.28888888888888886,
0.0,
0.5,
0.4411764705882353,
0.1111111111111111,
0.08771929824561403,
0.12903225806451613,
0.08695652173913043,
0.015151515151515152,
0.07692307692307693,
0.36666666666666664,
0.0,
0.12244897959183673,
0.625,
0.041666666666666664,
0.4,
0.11267605633802817,
0.5454545454545454,
0.7777777777777778,
0.034482758620689655,
0.0,
0.5,
0.20833333333333334,
0.46153846153846156,
0.16666666666666666,
0.5172413793103449,
0.15384615384615385,
0.0,
1.0,
0.10606060606060606,
0.2413793103448276,
0.04411764705882353,
0.2716049382716049,
0.75,
0.5,
0.6363636363636364,
0.25,
0.19444444444444445,
0.4230769230769231,
0.34782608695652173,
0.2857142857142857,
0.5,
0.36363636363636365,
0.14864864864864866,
0.23076923076923078,
0.9230769230769231,
0.8,
0.358974358974359,
0.21212121212121213,
0.4827586206896552,
0.42857142857142855,
0.0,
0.0,
0.4,
0.6428571428571429,
0.125,
0.15625,
0.25,
0.14285714285714285,
0.5,
0.06153846153846154,
0.21428571428571427,
0.14925373134328357,
0.4166666666666667,
0.3333333333333333,
0.8333333333333334,
0.4666666666666667,
0.09090909090909091,
0.2727272727272727,
0.2727272727272727,
0.03389830508474576,
0.0,
0.7692307692307693,
0.06153846153846154,
0.3157894736842105,
0.38461538461538464,
0.5,
0.36,
0.0,
0.6923076923076923,
0.3333333333333333,
0.017857142857142856,
0.0,
0.7,
0.3333333333333333,
0.3137254901960784,
0.05,
0.4,
0.09375,
0.1111111111111111,
0.2,
0.1111111111111111,
0.0,
0.15714285714285714,
0.3333333333333333,
0.06666666666666667,
0.07692307692307693,
0.016666666666666666,
0.01639344262295082,
0.3,
0.1643835616438356,
0.0,
0.08333333333333333,
0.0,
0.2926829268292683,
0.32142857142857145,
0.0,
0.2549019607843137,
0.3235294117647059,
0.029411764705882353,
0.25925925925925924,
0.16666666666666666,
0.041666666666666664,
0.03333333333333333,
0.03571428571428571,
0.17073170731707318,
0.0,
0.01694915254237288,
0.0,
0.1,
0.2631578947368421,
0.9333333333333333,
0.017543859649122806,
0.018518518518518517,
0.7333333333333333,
0.6666666666666666,
0.06349206349206349,
0.017857142857142856,
0.1076923076923077,
0.43243243243243246,
0.5357142857142857,
0.06,
0.8,
0.4166666666666667,
0.0,
0.3333333333333333,
0.16666666666666666,
0.30864197530864196,
0.5,
0.3559322033898305,
0.06666666666666667,
0.08450704225352113,
0.6666666666666666,
0.42105263157894735,
0.8571428571428571,
0.5,
0.22857142857142856,
0.6666666666666666,
0.7692307692307693,
0.17647058823529413,
0.0,
0.24096385542168675,
0.6,
0.09090909090909091,
0.11363636363636363,
0.0,
0.5,
0.03076923076923077,
0.14473684210526316,
0.0,
0.3448275862068966,
0.36363636363636365,
0.32432432432432434,
0.5555555555555556,
0.09090909090909091,
0.015384615384615385,
0.0,
0.015384615384615385,
0.4375,
0.23529411764705882,
0.8,
0.20833333333333334,
0.017857142857142856,
0.10869565217391304,
0.5,
0.8,
0.0,
0.0,
0.5555555555555556,
0.6875,
0.2698412698412698,
0.04918032786885246,
0.25,
0.0,
0.8181818181818182,
0.0,
0.46153846153846156,
0.0625,
0.2727272727272727,
0.35714285714285715,
0.0,
0.41,
0.07692307692307693,
0.5,
0.5333333333333333,
0.018518518518518517,
0.14285714285714285,
0.19607843137254902,
0.3333333333333333,
0.7647058823529411,
0.35714285714285715,
0.06451612903225806,
0.0,
0.0,
0.25,
0.425,
0.5,
0.22448979591836735,
0.5555555555555556,
1.0,
0.36363636363636365,
0.15942028985507245,
0.09090909090909091,
0.2608695652173913,
0.017241379310344827,
0.8571428571428571,
0.05,
0.47619047619047616,
0.06,
0.2987012987012987,
0.75,
0.0,
0.75,
0.2777777777777778,
0.3191489361702128,
0.30357142857142855,
0.6,
0.0,
0.0,
0.1111111111111111,
0.7222222222222222,
0.0,
0.08,
0.0,
0.3368421052631579,
0.4375,
0.21333333333333335,
0.625,
0.09375,
0.10526315789473684,
0.9,
0.0,
0.5,
0.4864864864864865,
0.016129032258064516,
0.08333333333333333,
0.10294117647058823,
0.35714285714285715,
0.1794871794871795,
0.06666666666666667,
0.4666666666666667,
0.14705882352941177,
0.5,
0.26136363636363635,
0.2702702702702703,
0.4318181818181818,
0.014492753623188406,
0.27710843373493976,
0.4166666666666667,
0.375,
0.3870967741935484,
0.015384615384615385,
0.36666666666666664,
0.0,
0.0,
0.3333333333333333,
0.0,
0.05555555555555555,
0.05084745762711865,
0.0,
0.6,
0.5789473684210527,
0.3333333333333333,
0.38095238095238093,
0.05172413793103448,
0.03076923076923077,
0.10416666666666667,
0.03333333333333333,
0.08333333333333333,
0.2222222222222222,
0.625,
0.14473684210526316,
0.4074074074074074,
0.11594202898550725,
0.0,
0.25,
0.8181818181818182,
0.6,
0.0,
0.015151515151515152,
0.34782608695652173,
0.08196721311475409,
0.375,
0.5333333333333333,
0.03389830508474576,
0.5652173913043478,
1.0,
0.14285714285714285,
0.125,
0.19718309859154928,
0.044444444444444446,
0.6666666666666666,
0.0,
0.7,
0.4444444444444444,
0.030303030303030304,
0.01818181818181818,
0.015384615384615385,
0.0,
0.0,
0.5714285714285714,
0.1388888888888889,
0.10606060606060606,
0.43902439024390244,
0.36585365853658536,
0.6875,
0.08695652173913043,
0.5,
0.2597402597402597,
0.0,
0.14814814814814814,
0.0,
0.1111111111111111,
0.047619047619047616,
0.34210526315789475,
0.20588235294117646,
0.323943661971831,
0.16923076923076924,
0.29411764705882354,
0.12244897959183673,
0.15942028985507245,
0.7222222222222222,
0.13043478260869565,
0.6,
0.52,
0.21333333333333335,
0.3125,
0.9,
0.06,
0.4666666666666667,
0.8,
0.05555555555555555,
0.26666666666666666,
0.18421052631578946,
0.13793103448275862,
0.5714285714285714,
1.0,
0.7333333333333333,
0.375,
0.5714285714285714,
0.06666666666666667,
0.43902439024390244,
0.0,
0.6111111111111112,
0.8095238095238095,
0.017857142857142856,
0.5,
0.21875,
0.04285714285714286,
0.20987654320987653,
0.08955223880597014,
0.06060606060606061,
0.0,
0.9166666666666666,
0.5454545454545454,
0.47368421052631576,
0.5,
0.01694915254237288,
0.13924050632911392,
0.5833333333333334,
0.2727272727272727,
0.0,
0.0,
0.5,
0.3076923076923077,
0.16666666666666666,
0.0,
0.6,
0.27586206896551724,
0.017857142857142856,
0.5897435897435898,
0.0,
0.2,
0.8333333333333334,
0.32608695652173914,
0.18181818181818182,
0.3111111111111111,
0.39473684210526316,
0.2413793103448276,
0.75,
0.15384615384615385,
0.0,
0.0,
0.2857142857142857,
0.2,
0.0,
0.23684210526315788,
0.8181818181818182,
0.25,
0.07352941176470588,
0.0,
0.32,
0.017857142857142856,
0.0784313725490196,
0.6153846153846154,
0.0,
0.05,
0.0,
0.11764705882352941,
0.25,
0.4166666666666667,
0.15,
1.0,
0.46153846153846156,
0.6842105263157895,
0.0,
0.22580645161290322,
0.8333333333333334,
0.6666666666666666,
0.04918032786885246,
0.14925373134328357,
0.25,
0.045454545454545456,
0.21428571428571427,
0.0425531914893617,
0.5454545454545454,
0.03125,
0.35135135135135137,
0.1111111111111111,
0.022727272727272728,
0.04918032786885246,
0.6666666666666666,
0.09090909090909091,
0.9090909090909091,
0.02857142857142857,
0.2857142857142857,
0.6666666666666666,
0.046153846153846156,
0.7272727272727273,
0.2727272727272727,
0.06666666666666667,
0.038461538461538464,
0.8181818181818182,
0.5161290322580645,
0.36363636363636365,
0.42105263157894735,
0.11940298507462686,
0.0,
0.8333333333333334,
0.5,
0.5294117647058824,
0.6111111111111112,
0.09433962264150944,
0.23529411764705882,
0.358974358974359,
0.17073170731707318,
0.21739130434782608,
0.5833333333333334,
0.058823529411764705,
0.24528301886792453,
0.5357142857142857,
0.35714285714285715,
1.0,
0.023255813953488372,
0.2702702702702703,
0.6486486486486487,
0.0,
0.12195121951219512,
0.0,
0.07407407407407407,
0.325,
0.0,
0.0,
0.0,
0.4117647058823529,
1.0,
0.3888888888888889,
0.4482758620689655,
0.015151515151515152,
0.4,
0.016666666666666666,
0.6451612903225806,
0.42857142857142855,
0.6923076923076923,
0.6153846153846154,
1.0,
0.0,
0.4166666666666667,
0.1509433962264151,
0.0,
0.44680851063829785,
0.5333333333333333,
0.017241379310344827,
0.20689655172413793,
0.05263157894736842,
0.0,
0.24444444444444444,
0.0,
0.16666666666666666,
0.7333333333333333,
0.08823529411764706,
0.5909090909090909,
0.6923076923076923,
0.05084745762711865,
0.6,
0.1506849315068493,
0.015151515151515152,
0.18840579710144928,
0.42857142857142855,
0.6,
0.16666666666666666,
0.06666666666666667,
0.2833333333333333,
0.525,
0.06060606060606061,
0.0,
0.0,
0.36585365853658536,
0.25,
0.05084745762711865,
0.4375,
0.0967741935483871,
0.25806451612903225,
0.0,
0.3333333333333333,
0.08333333333333333,
0.0,
0.28,
0.13953488372093023,
0.4,
0.4583333333333333,
0.5,
0.17142857142857143,
0.7222222222222222,
0.09836065573770492,
0.25,
0.24691358024691357,
0.0,
0.11764705882352941,
0.014084507042253521,
0.10144927536231885,
0.14666666666666667,
0.37373737373737376,
0.5833333333333334,
0.041666666666666664,
0.015873015873015872,
0.2857142857142857,
0.16883116883116883,
0.0,
0.2361111111111111,
0.2073170731707317,
0.2222222222222222,
0.5142857142857142,
0.0,
0.07462686567164178,
0.32432432432432434,
0.1506849315068493,
0.4827586206896552,
0.45,
0.0945945945945946,
0.5384615384615384,
0.1323529411764706,
0.03076923076923077,
0.08695652173913043,
0.16666666666666666,
0.13636363636363635,
0.6428571428571429,
0.10144927536231885,
0.55,
0.125,
0.25,
0.5,
0.01639344262295082,
0.0,
0.0847457627118644,
0.3157894736842105,
0.375,
0.0,
0.2222222222222222,
0.45,
0.0,
0.26666666666666666,
0.3333333333333333,
0.1780821917808219,
0.028985507246376812,
0.01694915254237288,
0.03076923076923077,
0.4117647058823529,
0.0,
0.017543859649122806,
0.5897435897435898,
0.8333333333333334,
0.20833333333333334,
0.5666666666666667,
0.08163265306122448,
0.3888888888888889,
0.0,
0.3333333333333333,
0.0,
0.0,
0.034482758620689655,
0.35714285714285715,
0.03278688524590164,
0.6666666666666666,
0.3448275862068966,
0.4222222222222222,
0.25,
1.0,
0.3473684210526316,
0.2,
0.04411764705882353,
0.13333333333333333,
0.07692307692307693,
0.53125,
0.043478260869565216,
0.3050847457627119,
0.3409090909090909,
0.3465346534653465,
0.05357142857142857,
0.28,
0.5454545454545454,
0.15384615384615385,
0.0,
0.5384615384615384,
0.12698412698412698,
0.2608695652173913,
0.1780821917808219,
0.1111111111111111,
0.16666666666666666,
0.022727272727272728,
1.0,
0.1864406779661017,
0.4,
0.0,
0.3283582089552239,
0.375,
0.03389830508474576,
0.3111111111111111,
0.3333333333333333,
0.14705882352941177,
0.4666666666666667,
0.07692307692307693,
0.2631578947368421,
0.3559322033898305,
0.22666666666666666,
0.08333333333333333,
0.03571428571428571,
0.7333333333333333,
0.11538461538461539,
0.0,
0.03636363636363636,
0.15873015873015872,
0.45454545454545453,
0.75,
0.7058823529411765,
0.01694915254237288,
0.11475409836065574,
0.2647058823529412,
0.10204081632653061,
0.4,
0.3225806451612903,
0.2962962962962963,
0.015625,
0.5,
0.4,
0.16666666666666666,
0.7333333333333333,
0.8,
0.09523809523809523,
0.3411764705882353,
0.02857142857142857,
0.16666666666666666,
0.018867924528301886,
0.6153846153846154,
0.12244897959183673,
0.11764705882352941,
0.3333333333333333,
0.17857142857142858,
0.3125,
0.1111111111111111,
0.35714285714285715,
0.1111111111111111,
0.0,
0.3333333333333333,
0.046875,
0.2736842105263158,
0.2236842105263158,
0.3333333333333333,
0.01694915254237288,
0.09375,
0.09375,
0.03076923076923077,
0.19736842105263158,
0.7777777777777778,
0.05,
0.2,
0.0,
0.44680851063829785,
0.22580645161290322,
0.4,
0.17142857142857143,
0.09433962264150944,
0.3783783783783784,
0.045454545454545456,
0.05357142857142857,
0.43859649122807015,
0.5,
0.4230769230769231,
0.14492753623188406,
0.1232876712328767,
0.2857142857142857,
0.0,
0.34285714285714286,
0.018518518518518517,
0.5,
0.8235294117647058,
0.3333333333333333,
0.02127659574468085,
0.6666666666666666,
0.47058823529411764,
0.4444444444444444,
0.1,
0.2,
0.2236842105263158,
0.6666666666666666,
0.5217391304347826,
0.07407407407407407,
0.1568627450980392,
0.0,
0.03278688524590164,
0.22727272727272727,
0.109375,
0.14285714285714285,
0.0,
0.75,
0.0547945205479452,
0.2,
0.23529411764705882,
0.0,
0.16666666666666666,
0.08064516129032258,
0.3333333333333333,
0.15384615384615385,
0.08196721311475409,
0.0,
0.0,
0.140625,
0.5,
0.7777777777777778,
0.4375,
0.24,
0.016666666666666666,
0.46153846153846156,
0.5,
0.078125,
0.23529411764705882,
0.0,
0.7692307692307693,
0.23333333333333334,
0.07352941176470588,
0.5714285714285714,
0.6153846153846154,
0.32142857142857145,
0.4,
0.14285714285714285,
0.2727272727272727,
0.6666666666666666,
0.7692307692307693,
0.11764705882352941,
0.07936507936507936,
0.0,
0.02040816326530612,
0.3448275862068966,
0.0,
0.07692307692307693,
0.08196721311475409,
0.08333333333333333,
0.2191780821917808,
0.0,
0.0,
0.0,
1.0,
0.7272727272727273,
0.4074074074074074,
0.021739130434782608,
0.125,
0.0,
0.375,
0.10869565217391304,
0.19718309859154928,
0.8571428571428571,
0.0,
0.1875,
0.1917808219178082,
0.06779661016949153,
0.0,
0.15384615384615385,
0.047619047619047616,
0.2962962962962963,
0.3548387096774194,
0.0,
0.25,
0.01694915254237288,
0.0,
0.25,
0.09803921568627451,
0.46153846153846156,
0.24242424242424243,
0.0,
0.014925373134328358,
0.1111111111111111,
0.0,
0.04477611940298507,
0.4666666666666667,
0.022727272727272728,
0.06382978723404255,
0.3076923076923077,
0.75,
0.3125,
0.3902439024390244,
0.10294117647058823,
0.11940298507462686,
0.4186046511627907,
0.0,
0.6363636363636364,
0.0,
0.0,
0.1,
0.0,
0.09523809523809523,
0.3469387755102041,
0.46153846153846156,
0.06451612903225806,
0.0,
0.0,
0.4,
0.017543859649122806,
0.6,
0.9411764705882353,
0.7142857142857143,
0.0,
0.109375,
0.0,
0.0,
0.0,
0.0,
0.17647058823529413,
0.8333333333333334,
0.40540540540540543,
0.16666666666666666,
0.125,
0.0,
0.125,
1.0,
0.9230769230769231,
0.2682926829268293,
0.32,
0.5333333333333333,
0.04918032786885246,
1.0,
0.0,
0.45,
0.3488372093023256,
0.1794871794871795,
0.1724137931034483,
0.35135135135135137,
0.25,
0.6923076923076923,
0.0,
0.5294117647058824,
0.48,
0.47058823529411764,
0.4126984126984127,
0.3181818181818182,
0.6666666666666666,
0.0,
0.2631578947368421,
0.5,
0.8,
0.15625,
0.8571428571428571,
0.5714285714285714,
0.35135135135135137,
0.5384615384615384,
0.375,
0.022222222222222223,
0.0,
0.0,
0.016129032258064516,
0.13432835820895522,
0.38095238095238093,
0.6,
0.7692307692307693,
0.0,
0.11627906976744186,
0.05084745762711865,
0.0,
0.06779661016949153,
0.03225806451612903,
0.21739130434782608,
0.25,
0.06557377049180328,
0.0,
0.3488372093023256,
0.39473684210526316,
0.47368421052631576,
0.10526315789473684,
0.2222222222222222,
0.016666666666666666,
0.23809523809523808,
0.11764705882352941,
0.09523809523809523,
0.3111111111111111,
0.0,
0.0,
0.0,
0.7272727272727273,
0.21739130434782608,
0.2125,
0.875,
0.4,
0.2,
0.016129032258064516,
0.030303030303030304,
0.0,
0.358974358974359,
0.6,
0.03278688524590164,
0.4666666666666667,
0.4642857142857143,
0.56,
0.0,
0.7692307692307693,
0.15384615384615385,
0.1267605633802817,
0.36363636363636365,
0.35294117647058826,
0.7407407407407407,
0.047619047619047616,
0.3717948717948718,
0.015151515151515152,
0.3333333333333333,
0.7333333333333333,
0.6666666666666666,
0.32653061224489793,
0.045454545454545456,
0.06666666666666667,
0.125,
0.0,
0.3508771929824561,
0.015151515151515152,
0.2692307692307692,
1.0,
0.19736842105263158,
0.17307692307692307,
0.40540540540540543,
0.1875,
0.0,
0.18181818181818182,
0.12903225806451613,
0.017857142857142856,
0.13846153846153847,
0.38095238095238093,
0.4,
0.6666666666666666,
0.9166666666666666,
0.5714285714285714,
0.8571428571428571,
0.03225806451612903,
0.0,
0.3333333333333333,
0.5714285714285714,
0.016666666666666666,
0.3333333333333333,
0.06666666666666667,
0.0,
0.14285714285714285,
0.0,
0.2765957446808511,
0.0,
0.36363636363636365,
0.4782608695652174,
0.0,
0.12,
0.5862068965517241,
0.5555555555555556,
0.05714285714285714,
0.0,
0.5,
0.35714285714285715,
0.09210526315789473,
0.2857142857142857,
0.5,
0.7,
0.8823529411764706,
0.5,
0.37142857142857144,
0.22727272727272727,
0.425,
0.07692307692307693,
0.01694915254237288,
0.1,
0.3181818181818182,
0.3,
0.75,
0.7,
0.24324324324324326,
0.4,
0.015625,
0.2625,
0.07272727272727272,
0.5454545454545454,
0.0,
0.4857142857142857,
0.36363636363636365,
0.15942028985507245,
0.01694915254237288,
0.26666666666666666,
0.5384615384615384,
0.16,
0.0625,
0.1864406779661017,
0.38461538461538464,
0.6875,
0.4166666666666667,
0.0,
0.4090909090909091,
0.3111111111111111,
0.05084745762711865,
0.0,
0.0,
0.37037037037037035,
0.5384615384615384,
0.2,
0.2542372881355932,
0.19230769230769232,
0.0,
0.5,
0.43478260869565216,
0.18055555555555555,
0.2,
0.5625,
0.24444444444444444,
0.07692307692307693,
0.37037037037037035,
0.6666666666666666,
0.20754716981132076,
0.5,
0.041666666666666664,
0.03571428571428571,
0.03571428571428571,
0.875,
0.1527777777777778,
0.08333333333333333,
0.8,
0.11764705882352941,
0.18181818181818182,
1.0,
0.0,
0.35714285714285715,
0.3,
0.18666666666666668,
0.23076923076923078,
0.0,
0.8,
0.22580645161290322,
0.3225806451612903,
0.2702702702702703,
0.4,
0.015384615384615385,
0.6097560975609756,
0.9285714285714286,
0.75,
0.42857142857142855,
0.0,
0.42857142857142855,
0.017857142857142856,
0.8181818181818182,
0.6190476190476191,
0.18604651162790697,
0.0625,
0.18181818181818182,
0.5714285714285714,
0.6428571428571429,
0.8571428571428571,
0.0,
0.10714285714285714,
0.7,
0.034482758620689655,
0.16666666666666666,
0.3684210526315789,
0.13333333333333333,
0.03333333333333333,
0.21875,
0.5714285714285714,
0.0,
1.0,
0.21621621621621623,
0.3125,
0.0,
0.3,
0.014705882352941176,
0.11764705882352941,
0.8571428571428571,
0.08571428571428572,
0.140625,
0.0967741935483871,
0.22641509433962265,
0.16176470588235295,
0.38636363636363635,
0.1744186046511628,
0.59375,
0.0,
0.3333333333333333,
0.046153846153846156,
0.5555555555555556,
0.43636363636363634,
0.5294117647058824,
0.17073170731707318,
0.014705882352941176,
0.3333333333333333,
0.1375,
0.631578947368421,
0.08333333333333333,
0.058823529411764705,
0.2,
0.42592592592592593,
0.8333333333333334,
0.55,
0.3389830508474576,
0.5833333333333334,
0.6,
0.02127659574468085,
0.7857142857142857,
0.15492957746478872,
0.35185185185185186,
0.3523809523809524,
0.0,
0.14285714285714285,
0.8333333333333334,
0.0,
0.5,
0.7368421052631579,
0.15714285714285714,
0.06666666666666667,
0.10416666666666667,
0.7857142857142857,
0.1095890410958904,
0.5,
0.12121212121212122,
0.9285714285714286,
0.7,
0.23076923076923078,
0.8181818181818182,
0.5555555555555556,
0.02127659574468085,
0.4444444444444444,
0.05970149253731343,
0.06666666666666667,
1.0,
0.017857142857142856,
0.21568627450980393,
0.1111111111111111,
0.75,
0.1927710843373494,
0.5,
0.0,
0.2,
0.4375,
0.4,
0.14,
0.0,
0.5833333333333334,
0.7058823529411765,
0.16666666666666666,
0.5454545454545454,
0.6666666666666666,
0.15789473684210525,
0.3333333333333333,
0.631578947368421,
0.3888888888888889,
0.3076923076923077,
0.1111111111111111,
0.6666666666666666,
0.07692307692307693,
0.5454545454545454,
0.7142857142857143,
0.14473684210526316,
0.18518518518518517,
0.13846153846153847,
0.2631578947368421,
0.3157894736842105,
0.12698412698412698,
0.3333333333333333,
0.9090909090909091,
0.6111111111111112,
0.08450704225352113,
0.02564102564102564,
0.32558139534883723,
0.1346153846153846,
0.4864864864864865,
0.625,
0.1951219512195122,
0.375,
0.14666666666666667,
0.04477611940298507,
0.375,
0.21212121212121213,
0.8571428571428571,
0.32,
0.5,
0.7894736842105263,
0.078125,
0.2631578947368421,
0.35135135135135137,
1.0,
0.1346153846153846,
0.7058823529411765,
0.6521739130434783,
0.18055555555555555,
1.0,
0.046153846153846156,
0.0,
0.7333333333333333,
0.15789473684210525,
0.1111111111111111,
0.0,
0.14285714285714285,
0.0,
0.15,
0.0,
0.4117647058823529,
1.0,
0.24,
0.044444444444444446,
0.8,
0.26666666666666666,
0.9090909090909091,
0.6666666666666666,
0.8333333333333334,
0.41935483870967744,
0.5,
0.0,
0.03225806451612903,
0.08695652173913043,
0.5,
0.4,
0.0,
0.017241379310344827,
0.375,
0.35294117647058826,
0.10810810810810811,
0.3888888888888889,
0.14285714285714285,
0.0,
0.5,
0.6842105263157895,
0.0,
0.045454545454545456,
0.3333333333333333,
0.38095238095238093,
0.53125,
0.56,
0.0,
0.0,
0.0,
0.5833333333333334,
1.0,
0.0,
0.6666666666666666,
0.07246376811594203,
0.6,
0.0,
0.14102564102564102,
0.0,
0.0,
0.045454545454545456,
0.2,
0.782608695652174,
0.4090909090909091,
0.04081632653061224,
0.3333333333333333,
0.03508771929824561,
0.9230769230769231,
0.078125,
0.06451612903225806,
0.22033898305084745,
0.0,
0.3157894736842105,
0.034482758620689655,
0.16,
1.0,
0.09523809523809523,
0.41935483870967744,
0.4,
1.0,
0.0,
0.14545454545454545,
0.020833333333333332,
0.4,
0.8,
0.7619047619047619,
0.08695652173913043,
0.25,
0.0,
0.22580645161290322,
0.2962962962962963,
0.4375,
0.0,
0.17647058823529413,
0.0,
0.42105263157894735,
0.46153846153846156,
0.05714285714285714,
0.045454545454545456,
0.9090909090909091,
0.2318840579710145,
0.05,
0.04477611940298507,
0.03571428571428571,
0.6666666666666666,
0.34285714285714286,
0.03389830508474576,
0.19230769230769232,
0.06521739130434782,
0.5652173913043478,
0.07692307692307693,
0.5,
1.0,
0.03125,
0.13793103448275862,
0.5,
0.2826086956521739,
0.4074074074074074,
0.046511627906976744,
0.015151515151515152,
0.0,
0.08823529411764706,
0.5161290322580645,
0.9,
0.09523809523809523,
0.5263157894736842,
0.16666666666666666,
0.031746031746031744,
0.02702702702702703,
0.08823529411764706,
0.47619047619047616,
0.1111111111111111,
0.014925373134328358,
0.5,
0.0,
0.37142857142857144,
0.2727272727272727,
0.08163265306122448,
0.08695652173913043,
0.1111111111111111,
0.23684210526315788,
0.37142857142857144,
0.5833333333333334,
0.4117647058823529,
0.15853658536585366,
0.4,
0.0,
0.029850746268656716,
0.0,
0.20833333333333334,
0.04477611940298507,
0.01694915254237288,
0.0,
0.4,
0.21428571428571427,
0.24390243902439024,
0.45454545454545453,
0.9473684210526315,
0.2857142857142857,
0.5333333333333333,
0.09259259259259259,
0.25,
0.0,
0.03278688524590164,
0.6,
0.5625,
0.39285714285714285,
0.23728813559322035,
0.0,
0.8,
0.18518518518518517,
0.5483870967741935,
0.021739130434782608,
0.0,
0.3684210526315789,
0.12658227848101267,
0.0,
0.6666666666666666,
0.8333333333333334,
0.6,
0.04838709677419355,
0.6666666666666666,
0.0625,
0.05084745762711865,
0.20270270270270271,
0.05084745762711865,
0.11764705882352941,
0.5714285714285714,
0.30666666666666664,
0.5384615384615384,
0.05084745762711865,
0.6666666666666666,
0.35294117647058826,
0.030303030303030304,
0.04918032786885246,
0.09090909090909091,
0.3,
0.6,
0.1232876712328767,
0.875,
0.0,
0.029411764705882353,
0.6363636363636364,
0.07692307692307693,
0.07352941176470588,
0.05970149253731343,
0.0,
0.06666666666666667,
0.015151515151515152,
0.017241379310344827,
0.15384615384615385,
0.29545454545454547,
0.041666666666666664,
0.17567567567567569,
0.46153846153846156,
0.09090909090909091,
0.8571428571428571,
0.23333333333333334,
0.5833333333333334,
0.0,
0.0,
0.875,
0.5833333333333334,
0.2077922077922078,
0.06779661016949153,
0.3611111111111111,
0.13725490196078433,
0.47058823529411764,
0.0,
0.4666666666666667,
0.5714285714285714,
0.3333333333333333,
0.03571428571428571,
0.13333333333333333,
0.23404255319148937,
0.6666666666666666,
0.5,
0.12857142857142856,
0.14583333333333334,
0.5,
0.42105263157894735,
0.03225806451612903,
0.6428571428571429,
0.2,
0.20833333333333334,
0.0,
0.7777777777777778,
0.5416666666666666,
0.1076923076923077,
0.12857142857142856,
0.0,
0.2631578947368421,
0.42857142857142855,
0.3333333333333333,
0.0,
0.29896907216494845,
0.3333333333333333,
0.06349206349206349,
0.4444444444444444,
0.6,
0.0,
0.6,
0.38461538461538464,
0.2,
0.125,
0.14473684210526316,
0.18055555555555555,
0.4375,
0.9333333333333333,
0.015151515151515152,
0.14,
0.5454545454545454,
0.06666666666666667,
0.029411764705882353,
0.35294117647058826,
0.36666666666666664,
0.2839506172839506,
0.35714285714285715,
0.3333333333333333,
0.5714285714285714,
0.0,
0.0,
0.34615384615384615,
0.5,
0.45454545454545453,
0.5,
0.21818181818181817,
0.0,
0.8,
0.0125,
0.0967741935483871,
0.17073170731707318,
0.43478260869565216,
0.4,
0.0,
0.0,
0.034482758620689655,
0.0,
0.75,
0.07142857142857142,
0.03333333333333333,
0.275,
0.0,
0.19480519480519481,
0.11538461538461539,
0.3125,
0.7222222222222222,
0.09090909090909091,
0.0,
0.5555555555555556,
0.02,
0.05,
0.0,
0.38636363636363635,
0.35714285714285715,
0.2597402597402597,
0.0,
0.18309859154929578,
0.5333333333333333,
0.8,
0.5,
0.22641509433962265,
0.6,
0.09375,
0.0,
1.0,
0.3333333333333333,
0.0,
0.32558139534883723,
0.3103448275862069,
0.1568627450980392,
0.078125,
0.023255813953488372,
0.10714285714285714,
0.0,
0.30303030303030304,
0.625,
0.0625,
0.0625,
0.35,
0.3235294117647059,
0.0,
0.24285714285714285,
0.1076923076923077,
0.5,
0.0,
0.012658227848101266,
0.08333333333333333,
0.45454545454545453,
0.015873015873015872,
0.06557377049180328,
0.3939393939393939,
0.0,
0.4642857142857143,
0.3888888888888889,
0.13043478260869565,
0.0,
0.14285714285714285,
0.0,
0.1,
0.11538461538461539,
0.34285714285714286,
0.0,
0.6923076923076923,
0.14285714285714285,
0.12,
0.0,
0.8571428571428571,
0.03333333333333333,
0.18181818181818182,
0.0,
0.26666666666666666,
0.6,
0.3181818181818182,
0.5714285714285714,
0.0,
0.75,
0.3333333333333333,
0.3548387096774194,
0.46153846153846156,
0.14285714285714285,
0.225,
0.0,
0.2619047619047619,
0.7857142857142857,
0.6363636363636364,
0.3333333333333333,
0.38461538461538464,
0.6666666666666666,
0.01639344262295082,
0.04411764705882353,
0.3333333333333333,
0.05194805194805195,
0.3333333333333333,
0.0,
0.0,
0.25,
0.4838709677419355,
0.017857142857142856,
0.0,
0.27692307692307694,
0.0,
0.5789473684210527,
0.1111111111111111,
0.0,
0.4166666666666667,
0.8333333333333334,
0.17647058823529413,
0.37037037037037035,
0.6666666666666666,
0.08888888888888889,
0.034482758620689655,
0.2916666666666667,
0.25,
0.32558139534883723,
0.10144927536231885,
0.125,
0.7307692307692307,
0.07692307692307693,
0.7,
0.09836065573770492,
0.8,
0.22727272727272727,
0.23529411764705882,
0.23333333333333334,
0.7619047619047619,
0.22641509433962265,
0.42857142857142855,
0.2727272727272727,
0.5,
0.30434782608695654,
0.75,
0.3333333333333333,
0.1346153846153846,
0.09375,
0.07352941176470588,
0.3469387755102041,
0.0,
0.09859154929577464,
0.21428571428571427,
0.7272727272727273,
0.0847457627118644,
0.2682926829268293,
0.4418604651162791,
0.06153846153846154,
0.0,
0.2716049382716049,
0.0,
0.23529411764705882,
0.2857142857142857,
0.1076923076923077,
0.0,
0.0,
0.3125,
0.017543859649122806,
0.1839080459770115,
0.0,
0.0,
0.06666666666666667,
0.23809523809523808,
0.02857142857142857,
0.11475409836065574,
0.22727272727272727,
0.0,
0.03389830508474576,
0.8,
0.03125,
0.0,
0.034482758620689655,
0.29411764705882354,
0.45454545454545453,
0.5625,
0.5,
0.0,
0.5227272727272727,
0.9333333333333333,
0.09722222222222222,
0.7857142857142857,
0.0,
0.125,
0.2777777777777778,
0.17073170731707318,
0.07575757575757576,
0.25757575757575757,
0.35294117647058826,
0.3,
0.0,
0.6666666666666666,
0.17647058823529413,
0.6666666666666666,
0.0,
0.0,
0.43137254901960786,
0.2077922077922078,
0.2054794520547945,
0.0,
0.4107142857142857,
0.08,
0.10526315789473684,
0.0,
0.3333333333333333,
0.6111111111111112,
0.5,
0.7142857142857143,
0.5263157894736842,
0.2037037037037037,
0.1076923076923077,
1.0,
0.6666666666666666,
0.12121212121212122,
0.1206896551724138,
0.10606060606060606,
0.3333333333333333,
0.015873015873015872,
0.42857142857142855,
0.5714285714285714,
0.0,
0.3,
0.1,
0.0,
0.11940298507462686,
0.10144927536231885,
0.21333333333333335,
0.0,
0.07407407407407407,
0.3181818181818182,
0.21052631578947367,
0.06451612903225806,
0.2,
0.046875,
0.35526315789473684,
0.015873015873015872,
1.0,
0.5625,
0.1388888888888889,
0.2222222222222222,
0.0,
0.5,
0.08333333333333333,
0.6428571428571429,
1.0,
0.15384615384615385,
0.0,
0.52,
0.2222222222222222,
0.2857142857142857,
0.13636363636363635,
0.06060606060606061,
0.017543859649122806,
0.7,
0.47368421052631576,
0.0,
0.0,
0.06818181818181818,
0.8666666666666667,
0.09615384615384616,
0.3333333333333333,
0.03076923076923077,
0.9,
0.22580645161290322,
0.25,
0.3064516129032258,
0.5,
0.1111111111111111,
0.07936507936507936,
0.03571428571428571,
0.7058823529411765,
0.0,
0.9,
0.2727272727272727,
0.0,
0.6,
0.06896551724137931,
0.1917808219178082,
0.0,
0.15,
0.3888888888888889,
0.44680851063829785,
0.24675324675324675,
0.2727272727272727,
0.03389830508474576,
0.6666666666666666,
0.9285714285714286,
0.2,
0.0,
0.391304347826087,
0.12121212121212122,
0.01818181818181818,
0.6666666666666666,
0.0,
0.34615384615384615,
0.7272727272727273,
0.4,
0.027777777777777776,
0.140625,
0.21052631578947367,
0.32653061224489793,
0.06666666666666667,
0.17391304347826086,
0.3333333333333333,
0.06666666666666667,
0.41509433962264153,
0.48717948717948717,
0.10144927536231885,
0.35714285714285715,
0.21052631578947367,
0.3333333333333333,
0.5833333333333334,
0.25842696629213485,
0.22727272727272727,
0.37037037037037035,
0.07142857142857142,
0.38461538461538464,
0.017543859649122806,
0.6363636363636364,
0.1724137931034483,
0.6470588235294118,
0.0,
0.24444444444444444,
0.11320754716981132,
0.0,
0.2857142857142857,
0.6153846153846154,
0.18867924528301888,
0.5833333333333334,
0.08333333333333333,
0.0,
0.7,
0.140625,
0.0,
0.2916666666666667,
0.0,
0.0,
0.08695652173913043,
0.0,
0.5263157894736842,
0.1044776119402985,
0.4,
0.0,
0.04411764705882353,
0.6666666666666666,
0.25,
0.4857142857142857,
0.09523809523809523,
0.42105263157894735,
0.26666666666666666,
0.06349206349206349,
0.5714285714285714,
0.4375,
0.15714285714285714,
0.08571428571428572,
0.1956521739130435,
0.7647058823529411,
0.4375,
0.10204081632653061,
0.09523809523809523,
0.09230769230769231,
0.15384615384615385,
0.8,
0.125,
0.1875,
0.03278688524590164,
0.3333333333333333,
0.13725490196078433,
0.375,
0.3076923076923077,
0.17647058823529413,
0.0,
0.3333333333333333,
0.056818181818181816,
0.41935483870967744,
0.30158730158730157,
0.6,
0.5428571428571428,
0.5,
0.5,
0.06451612903225806,
0.17857142857142858,
0.09375,
0.36363636363636365,
0.018518518518518517,
0.23809523809523808,
0.047619047619047616,
0.0,
0.0,
0.05263157894736842,
0.8461538461538461,
0.5238095238095238,
0.0,
0.08064516129032258,
0.6428571428571429,
0.0,
0.11594202898550725,
0.2,
0.45161290322580644,
0.09090909090909091,
0.35294117647058826,
0.9285714285714286,
0.25,
0.4,
0.4,
0.7857142857142857,
0.5333333333333333,
0.189873417721519,
0.07407407407407407,
0.05,
0.4318181818181818,
0.05970149253731343,
0.03076923076923077,
0.03508771929824561,
0.0847457627118644,
0.18867924528301888,
0.5789473684210527,
0.17073170731707318,
0.5714285714285714,
0.0,
0.30303030303030304,
0.65,
0.13043478260869565,
0.32653061224489793,
0.0,
0.2391304347826087,
0.0,
0.07692307692307693,
0.0,
0.06818181818181818,
0.04918032786885246,
0.0,
0.0,
0.03333333333333333,
0.016666666666666666,
0.2857142857142857,
0.21052631578947367,
0.5555555555555556,
0.8888888888888888,
0.5,
0.5,
0.4189189189189189,
0.3333333333333333,
0.04411764705882353,
0.5142857142857142,
0.03278688524590164,
0.12244897959183673,
0.6,
0.43478260869565216,
0.0,
1.0,
0.6111111111111112,
0.07246376811594203,
0.5294117647058824,
0.0,
0.09859154929577464,
0.41379310344827586,
0.0,
0.3103448275862069,
0.45454545454545453,
0.16666666666666666,
0.47619047619047616,
0.39285714285714285,
0.08333333333333333,
0.34782608695652173,
0.14285714285714285,
0.03389830508474576,
0.03278688524590164,
0.08,
0.5833333333333334,
0.031746031746031744,
0.11475409836065574,
0.2191780821917808,
0.10294117647058823,
0.0,
0.3,
0.0,
0.25,
0.32,
0.5333333333333333,
0.06,
0.6,
0.2903225806451613,
0.12162162162162163,
0.5,
0.17647058823529413,
0.3076923076923077,
0.3157894736842105,
0.5,
0.017543859649122806,
0.6470588235294118,
0.4230769230769231,
0.016129032258064516,
0.08695652173913043,
0.015873015873015872,
0.0,
0.10526315789473684,
0.0,
0.5294117647058824,
0.047619047619047616,
0.0,
0.3333333333333333,
0.36486486486486486,
0.2696629213483146,
0.1891891891891892,
0.4,
0.09836065573770492,
0.3333333333333333,
0.0,
0.375,
0.2,
0.01694915254237288,
0.05,
0.8,
0.4666666666666667,
0.06349206349206349,
0.1875,
0.8,
0.0,
0.8571428571428571,
0.4,
0.125,
0.0,
0.4489795918367347,
0.5714285714285714,
0.5357142857142857,
0.0,
0.016666666666666666,
0.02702702702702703,
0.08333333333333333,
0.14814814814814814,
0.0,
0.3333333333333333,
0.0,
0.06779661016949153,
0.09090909090909091,
0.11940298507462686,
0.1111111111111111,
0.55,
0.0,
0.015873015873015872,
0.06896551724137931,
0.2558139534883721,
0.0,
0.3333333333333333,
0.5357142857142857,
0.48,
0.046511627906976744,
0.5714285714285714,
0.75,
0.23529411764705882,
0.2,
0.2692307692307692,
0.42857142857142855,
0.2916666666666667,
0.0,
0.1388888888888889,
0.4444444444444444,
0.03333333333333333,
0.0,
0.3125,
0.03076923076923077,
0.01639344262295082,
0.045454545454545456,
0.0,
0.0,
0.42857142857142855,
0.07142857142857142,
0.42857142857142855,
0.6428571428571429,
0.9090909090909091,
0.7857142857142857,
0.08108108108108109,
0.18421052631578946,
0.05970149253731343,
0.05970149253731343,
0.3191489361702128,
0.030303030303030304,
0.3469387755102041,
0.016666666666666666,
0.5945945945945946,
0.06779661016949153,
0.3409090909090909,
0.3368421052631579,
0.14285714285714285,
0.13636363636363635,
0.2982456140350877,
0.42424242424242425,
0.03333333333333333,
0.4126984126984127,
0.2692307692307692,
0.0,
0.22972972972972974,
0.7058823529411765,
0.0,
0.125,
0.8333333333333334,
0.35714285714285715,
0.08450704225352113,
0.04477611940298507,
0.875,
0.029411764705882353,
0.47368421052631576,
0.2222222222222222,
0.8888888888888888,
0.28205128205128205,
0.3246753246753247,
0.14285714285714285,
0.5294117647058824,
0.06451612903225806,
0.4166666666666667,
0.16,
0.17391304347826086,
0.24324324324324326,
0.2,
0.3333333333333333,
0.1875,
0.16666666666666666,
0.017857142857142856,
0.5,
0.0,
0.09859154929577464,
0.14285714285714285,
0.09375,
1.0,
0.9230769230769231,
0.3,
0.2,
0.6666666666666666,
0.016129032258064516,
0.17857142857142858,
0.3333333333333333,
0.35714285714285715,
0.38461538461538464,
0.0,
0.4444444444444444,
0.1111111111111111,
0.01639344262295082,
0.047619047619047616,
0.7142857142857143,
0.034482758620689655,
0.07142857142857142,
0.7272727272727273,
0.0,
0.5714285714285714,
0.09090909090909091,
0.3829787234042553,
0.0,
0.75,
0.075,
0.12244897959183673,
0.0,
0.0847457627118644,
0.6111111111111112,
0.16666666666666666,
0.37735849056603776,
0.4186046511627907,
0.5,
0.21428571428571427,
0.06666666666666667,
0.4166666666666667,
0.015625,
0.5416666666666666,
0.034482758620689655,
0.03389830508474576,
0.23684210526315788,
0.04411764705882353,
0.16666666666666666,
0.0,
0.5454545454545454,
0.0,
0.23333333333333334,
0.047619047619047616,
0.5185185185185185,
1.0,
0.21818181818181817,
0.19047619047619047,
0.3333333333333333,
0.14285714285714285,
0.8,
0.09375,
0.0851063829787234,
0.5,
0.7777777777777778,
0.0,
0.024390243902439025,
0.03076923076923077,
0.3333333333333333,
0.8333333333333334,
0.0,
0.5172413793103449,
0.42857142857142855,
0.09090909090909091,
0.15942028985507245,
0.3157894736842105,
0.5454545454545454,
0.3902439024390244,
0.056338028169014086,
0.06349206349206349,
0.024390243902439025,
0.6363636363636364,
0.2,
0.0,
0.047619047619047616,
0.1891891891891892,
0.4666666666666667,
0.024390243902439025,
0.6363636363636364,
0.8,
0.39285714285714285,
0.46153846153846156,
0.0,
0.05,
0.08163265306122448,
0.0,
0.46153846153846156,
0.5714285714285714,
0.1076923076923077,
0.0,
0.23214285714285715,
0.6666666666666666,
0.6521739130434783,
0.15384615384615385,
0.2926829268292683,
0.3125,
0.136986301369863,
0.38461538461538464,
0.21176470588235294,
0.05172413793103448,
0.17647058823529413,
0.6666666666666666,
0.11290322580645161,
0.4583333333333333,
0.06666666666666667,
0.34285714285714286,
0.18055555555555555,
0.05172413793103448,
0.2,
0.46153846153846156,
0.015625,
0.53125,
0.0,
0.9,
0.5294117647058824,
0.4090909090909091,
0.06349206349206349,
0.022727272727272728,
0.1875,
0.08,
0.2222222222222222,
0.0,
0.5555555555555556,
0.15584415584415584,
0.5,
0.40540540540540543,
0.8095238095238095,
0.4666666666666667,
0.40816326530612246,
0.03389830508474576,
0.1935483870967742,
0.8,
0.07936507936507936,
0.3181818181818182,
0.1111111111111111,
0.8823529411764706,
0.25,
0.21428571428571427,
0.13636363636363635,
0.8888888888888888,
0.3333333333333333,
0.34146341463414637,
0.043478260869565216,
0.2857142857142857,
0.2459016393442623,
0.36363636363636365,
0.2465753424657534,
0.375,
0.2857142857142857,
1.0,
0.875,
0.5882352941176471,
0.0,
0.0,
1.0,
0.2619047619047619,
0.22950819672131148,
0.13636363636363635,
0.6521739130434783,
0.4166666666666667,
1.0,
0.42857142857142855,
0.6666666666666666,
0.14285714285714285,
0.4642857142857143,
0.6,
0.27586206896551724,
0.2727272727272727,
0.0,
0.0,
1.0,
0.01639344262295082,
0.6470588235294118,
0.32075471698113206,
0.375,
0.5405405405405406,
0.38461538461538464,
0.5,
0.4,
0.3225806451612903,
0.21052631578947367,
0.4,
0.75,
0.375,
0.3888888888888889,
0.6666666666666666,
0.3448275862068966,
0.7368421052631579,
0.3235294117647059,
0.09090909090909091,
0.0625,
0.0,
0.358974358974359,
0.3076923076923077,
0.4666666666666667,
0.29411764705882354,
0.5,
0.0684931506849315,
0.0821917808219178,
0.4444444444444444,
0.014285714285714285,
0.06060606060606061,
0.8,
0.5161290322580645,
0.4117647058823529,
0.47368421052631576,
0.07547169811320754,
0.06060606060606061,
0.03333333333333333,
0.0,
0.45454545454545453,
0.047619047619047616,
0.15151515151515152,
0.6521739130434783,
0.36363636363636365,
0.3333333333333333,
0.0,
0.7142857142857143,
0.08695652173913043,
0.0,
0.8,
0.21951219512195122,
0.26666666666666666,
0.03225806451612903,
0.325,
0.058823529411764705,
0.08108108108108109,
0.21621621621621623,
0.136986301369863,
0.23255813953488372,
0.0,
0.0,
0.5454545454545454,
0.24242424242424243,
0.42857142857142855,
0.6052631578947368,
0.4,
0.0,
0.03389830508474576,
0.30612244897959184,
0.5625,
0.44,
0.05263157894736842,
0.017543859649122806,
0.1111111111111111,
0.044444444444444446,
0.4444444444444444,
0.10638297872340426,
0.5,
0.6,
0.03333333333333333,
0.0,
0.2,
0.07936507936507936,
0.0,
0.03571428571428571,
0.5714285714285714,
0.0,
0.2777777777777778,
0.08163265306122448,
0.047619047619047616,
0.46153846153846156,
0.11764705882352941,
0.4,
0.18181818181818182,
1.0,
0.6875,
0.05084745762711865,
0.34782608695652173,
0.5,
0.7692307692307693,
0.06666666666666667,
0.6153846153846154,
0.3888888888888889,
0.39285714285714285,
0.0,
0.17647058823529413,
0.9090909090909091,
0.2,
0.3253012048192771,
0.04477611940298507,
0.13953488372093023,
0.6666666666666666,
0.3333333333333333,
0.034482758620689655,
0.25,
0.12962962962962962,
0.03225806451612903,
0.07352941176470588,
0.18181818181818182,
0.13043478260869565,
0.35,
0.08955223880597014,
0.5555555555555556,
0.20833333333333334,
0.13636363636363635,
0.375,
0.017543859649122806,
0.4,
0.3181818181818182,
0.35294117647058826,
0.07692307692307693,
0.8,
0.16176470588235295,
0.1111111111111111,
0.5416666666666666,
0.2898550724637681,
0.2,
0.041666666666666664,
0.75,
0.18309859154929578,
0.15384615384615385,
0.6666666666666666,
0.0,
0.0,
0.37142857142857144,
0.0,
0.125,
0.05172413793103448,
0.030303030303030304,
0.07462686567164178,
0.09375,
0.6,
0.2,
0.19230769230769232,
0.5,
0.022222222222222223,
0.08695652173913043,
0.2,
0.08571428571428572,
0.11764705882352941,
0.375,
0.3333333333333333,
0.3333333333333333,
0.13333333333333333,
0.075,
0.3333333333333333,
0.4,
0.17073170731707318,
0.34782608695652173,
0.5,
1.0,
0.0,
0.022222222222222223,
0.27058823529411763,
0.5555555555555556,
0.5,
1.0,
0.47058823529411764,
0.05555555555555555,
0.21052631578947367,
0.03333333333333333,
0.07692307692307693,
0.017543859649122806,
0.8571428571428571,
0.5238095238095238,
0.0196078431372549,
0.35294117647058826,
0.16666666666666666,
0.015384615384615385,
0.47058823529411764,
0.10869565217391304,
0.16901408450704225,
0.3333333333333333,
0.3333333333333333,
0.0,
0.0,
0.12244897959183673,
0.6666666666666666,
0.0,
0.1346153846153846,
0.061224489795918366,
0.7777777777777778,
0.3974358974358974,
0.11538461538461539,
1.0,
0.045454545454545456,
0.8,
0.8461538461538461,
1.0,
0.42857142857142855,
0.0,
0.631578947368421,
0.1527777777777778,
0.3157894736842105,
0.35714285714285715,
0.11428571428571428,
0.3333333333333333,
0.19047619047619047,
0.17777777777777778,
0.0625,
0.631578947368421,
0.1794871794871795,
0.0,
0.01639344262295082,
0.0,
0.7777777777777778,
0.3076923076923077,
0.07692307692307693,
0.25806451612903225,
0.45454545454545453,
0.16666666666666666,
0.016666666666666666,
0.8,
0.18309859154929578,
0.0,
0.06666666666666667,
0.16393442622950818,
0.046153846153846156,
1.0,
0.03571428571428571,
0.0,
0.23214285714285715,
0.06349206349206349,
0.125,
0.017241379310344827,
0.15625,
0.07936507936507936,
0.6875,
0.23529411764705882,
0.4166666666666667,
0.04918032786885246,
0.016129032258064516,
0.35294117647058826,
0.017543859649122806,
0.21875,
0.125,
0.5263157894736842,
0.8235294117647058,
0.4,
0.0,
0.26666666666666666,
0.25,
0.45,
1.0,
0.36363636363636365,
0.25,
0.05128205128205128,
0.0,
0.0,
0.0,
0.2413793103448276,
0.29411764705882354,
0.038461538461538464,
0.0,
1.0,
0.0,
0.6111111111111112,
0.01694915254237288,
0.10294117647058823,
0.09375,
0.0,
0.08,
0.14285714285714285,
0.04477611940298507,
0.34375,
0.09523809523809523,
0.0,
0.13636363636363635,
0.01694915254237288,
0.04,
0.03225806451612903,
0.8571428571428571,
0.06779661016949153,
0.0,
0.4,
0.5217391304347826,
0.3333333333333333,
0.0,
0.0,
0.6428571428571429,
0.5555555555555556,
0.4482758620689655,
0.016129032258064516,
0.2682926829268293,
0.3409090909090909,
0.15384615384615385,
0.11475409836065574,
0.058823529411764705,
0.3225806451612903,
0.5428571428571428,
0.6363636363636364,
0.23076923076923078,
0.42857142857142855,
0.3181818181818182,
0.7894736842105263,
0.01694915254237288,
0.2222222222222222,
0.40540540540540543,
0.3611111111111111,
0.1,
0.07042253521126761,
0.19642857142857142,
0.2,
0.03389830508474576,
0.034482758620689655,
0.01639344262295082,
0.23529411764705882,
0.5,
0.5,
0.01694915254237288,
0.25,
0.3076923076923077,
0.275,
0.0,
0.25,
0.4375,
0.6666666666666666,
0.5428571428571428,
0.18181818181818182,
0.0,
0.3333333333333333,
0.016666666666666666,
0.03125,
0.0,
0.5882352941176471,
0.017857142857142856,
0.7777777777777778,
1.0,
0.08823529411764706,
0.35555555555555557,
0.8333333333333334,
0.4782608695652174,
0.27419354838709675,
0.34615384615384615,
0.1111111111111111,
0.20270270270270271,
0.07894736842105263,
0.5714285714285714,
0.7142857142857143,
0.23728813559322035,
0.14705882352941177,
0.3333333333333333,
0.2222222222222222,
0.125,
0.015384615384615385,
0.1076923076923077,
1.0,
0.17105263157894737,
0.13636363636363635,
0.21212121212121213,
0.6666666666666666,
0.32432432432432434,
0.0,
0.3561643835616438,
0.2962962962962963,
0.0,
0.20930232558139536,
0.6666666666666666,
0.5614035087719298,
0.12857142857142856,
0.0,
0.07692307692307693,
0.1044776119402985,
0.6333333333333333,
0.03333333333333333,
0.47058823529411764,
0.8333333333333334,
0.5,
0.38095238095238093,
0.8333333333333334,
0.08450704225352113,
0.36363636363636365,
0.10204081632653061,
0.14814814814814814,
0.7272727272727273,
0.38636363636363635,
0.06,
0.4117647058823529,
0.1346153846153846,
0.3333333333333333,
0.5384615384615384,
0.14285714285714285,
0.12698412698412698,
0.058823529411764705,
0.0,
0.6,
0.5555555555555556,
0.1,
0.0,
0.5333333333333333,
0.022727272727272728,
0.75,
0.18840579710144928,
0.017543859649122806,
0.0,
0.6363636363636364,
0.6428571428571429,
0.0,
0.0,
0.0,
0.08,
0.7058823529411765,
0.25,
0.7857142857142857,
0.0,
0.4482758620689655,
0.3783783783783784,
0.0,
0.24324324324324326,
0.0,
0.2222222222222222,
0.37142857142857144,
0.0,
0.11764705882352941,
0.3333333333333333,
0.02702702702702703,
0.0,
0.0,
0.47058823529411764,
0.8,
0.5384615384615384,
0.13157894736842105,
0.0,
0.0945945945945946,
0.1935483870967742,
0.37777777777777777,
0.35135135135135137,
0.5454545454545454,
0.47058823529411764,
0.5909090909090909,
0.5454545454545454,
0.5882352941176471,
0.015873015873015872,
0.07936507936507936,
0.6666666666666666,
0.0,
0.14084507042253522,
0.057692307692307696,
0.06557377049180328,
0.3,
0.19444444444444445,
0.20754716981132076,
0.6666666666666666,
0.07246376811594203,
0.5,
0.06060606060606061,
0.4444444444444444,
0.36363636363636365,
0.11666666666666667,
0.16363636363636364,
0.5217391304347826,
0.4666666666666667,
0.06451612903225806,
0.6470588235294118,
0.7647058823529411,
0.13333333333333333,
0.1076923076923077,
0.1,
0.375,
0.078125,
0.0,
0.25,
0.75,
0.52,
0.07936507936507936,
0.015873015873015872,
0.037037037037037035,
0.125,
0.15,
0.8,
0.0,
0.0,
0.35,
0.08,
0.42105263157894735,
0.05,
0.14285714285714285,
0.6470588235294118,
0.016666666666666666,
0.015873015873015872,
0.8571428571428571,
0.8888888888888888,
0.03333333333333333,
0.3333333333333333,
0.35714285714285715,
0.3870967741935484,
0.125,
0.23076923076923078,
0.75,
0.4358974358974359,
0.6,
0.0,
0.09859154929577464,
0.19480519480519481,
0.0,
0.10714285714285714,
0.3488372093023256,
0.8,
0.6666666666666666,
0.016666666666666666,
0.6923076923076923,
0.42105263157894735,
0.014925373134328358,
0.5333333333333333,
0.11538461538461539,
0.2857142857142857,
0.9,
0.7222222222222222,
0.0,
0.03508771929824561,
0.17333333333333334,
0.14285714285714285,
0.29411764705882354,
0.5,
0.17647058823529413,
0.14,
0.0,
0.09859154929577464,
0.0,
0.14814814814814814,
0.4,
0.6521739130434783,
0.33962264150943394,
0.3,
0.125,
0.5909090909090909,
0.20689655172413793,
0.42857142857142855,
0.04477611940298507,
0.22857142857142856,
0.0,
0.07692307692307693,
0.0625,
0.0,
0.5,
0.23333333333333334,
0.3333333333333333,
0.041666666666666664,
0.10638297872340426,
0.2,
0.47619047619047616,
0.5161290322580645,
0.32432432432432434,
0.1388888888888889,
0.0,
0.2692307692307692,
0.42105263157894735,
0.0,
0.07936507936507936,
0.0,
0.20512820512820512,
0.05555555555555555,
0.0,
0.3870967741935484,
0.0,
0.0,
0.18518518518518517,
0.14925373134328357,
0.5263157894736842,
1.0,
0.04411764705882353,
0.0,
0.4166666666666667,
0.07462686567164178,
0.05555555555555555,
0.6363636363636364,
0.018518518518518517,
0.6666666666666666,
0.06557377049180328,
0.03076923076923077,
0.53125,
0.43333333333333335,
0.21428571428571427,
0.18055555555555555,
0.10526315789473684,
0.16901408450704225,
0.3157894736842105,
0.3888888888888889,
0.014925373134328358,
0.8,
0.46153846153846156,
0.1875,
0.09090909090909091,
0.07692307692307693,
0.0,
0.2708333333333333,
0.0,
0.1724137931034483,
0.0,
0.0,
0.3684210526315789,
0.3333333333333333,
0.015151515151515152,
0.10204081632653061,
0.6666666666666666,
0.3695652173913043,
0.25,
0.0,
0.8333333333333334,
0.5625,
0.07142857142857142,
0.09836065573770492,
0.1875,
0.09230769230769231,
0.046875,
0.06896551724137931,
0.29545454545454547,
0.057692307692307696,
0.06382978723404255,
0.48148148148148145,
0.4666666666666667,
0.08695652173913043,
0.26666666666666666,
0.29411764705882354,
0.056338028169014086,
0.375,
0.4583333333333333,
0.6666666666666666,
0.3404255319148936,
0.27586206896551724,
0.3,
0.06779661016949153,
0.2,
0.5,
0.47619047619047616,
0.13333333333333333,
0.4339622641509434,
0.015625,
0.25,
0.3125,
0.15584415584415584,
0.3076923076923077,
0.05263157894736842,
0.2857142857142857,
0.3333333333333333,
0.7894736842105263,
0.16176470588235295,
0.2,
0.42857142857142855,
0.7142857142857143,
0.43478260869565216,
0.875,
0.48148148148148145,
0.07462686567164178,
0.25806451612903225,
0.10810810810810811,
0.06451612903225806,
0.3,
0.43333333333333335,
0.01639344262295082,
0.2857142857142857,
0.10810810810810811,
0.9230769230769231,
0.12121212121212122,
0.061224489795918366,
1.0,
0.034482758620689655,
0.04918032786885246,
0.5652173913043478,
0.078125,
0.03333333333333333,
0.43333333333333335,
0.5,
0.5384615384615384,
0.5925925925925926,
0.0,
0.4666666666666667,
1.0,
0.05,
0.4418604651162791,
0.15625,
0.0,
0.1,
0.017241379310344827,
0.375,
0.13333333333333333,
0.3939393939393939,
0.35,
0.21428571428571427,
0.015625,
0.23529411764705882,
0.8571428571428571,
0.0,
0.8125,
0.7142857142857143,
0.0,
0.391304347826087,
0.0,
0.2894736842105263,
0.3333333333333333,
0.2,
0.46153846153846156,
0.034482758620689655,
0.22727272727272727,
0.9,
0.6,
0.16666666666666666,
0.2,
0.6363636363636364,
0.8571428571428571,
0.4,
0.19047619047619047,
0.47058823529411764,
0.078125,
0.6153846153846154,
0.0,
0.36,
0.3076923076923077,
0.5384615384615384,
0.6666666666666666,
0.25,
0.2702702702702703,
0.3125,
0.7142857142857143,
0.4117647058823529,
0.04285714285714286,
0.03125,
0.4807692307692308,
0.5833333333333334,
0.4,
0.14285714285714285,
0.030303030303030304,
0.17142857142857143,
0.7142857142857143,
0.38235294117647056,
0.2631578947368421,
0.11290322580645161,
0.5263157894736842,
1.0,
0.1323529411764706,
0.08695652173913043,
0.022727272727272728,
0.6,
0.0,
0.5714285714285714,
0.3018867924528302,
0.8333333333333334,
0.3333333333333333,
0.0,
0.6666666666666666,
0.0,
0.030303030303030304,
0.04918032786885246,
0.1044776119402985,
0.8571428571428571,
0.015384615384615385,
0.05,
0.034482758620689655,
0.6470588235294118,
0.5,
0.14814814814814814,
0.5,
0.18309859154929578,
0.0,
0.2682926829268293,
0.2619047619047619,
0.3076923076923077,
0.625,
0.017241379310344827,
0.5,
0.0,
0.5333333333333333,
0.52,
0.03278688524590164,
0.1076923076923077,
0.0,
0.2564102564102564,
0.5,
0.078125,
0.3953488372093023,
0.05263157894736842,
0.10144927536231885,
0.325,
0.017543859649122806,
0.11290322580645161,
0.08333333333333333,
0.53125,
0.36,
0.24074074074074073,
0.45,
0.08064516129032258,
0.0,
0.5,
0.3333333333333333,
0.5333333333333333,
0.6666666666666666,
0.3,
0.75,
0.2,
0.0,
0.03125,
0.5882352941176471,
0.04285714285714286,
0.4166666666666667,
0.08333333333333333,
0.0,
0.22033898305084745,
1.0,
0.37735849056603776,
0.017543859649122806,
0.7368421052631579,
0.3333333333333333,
0.6,
0.8571428571428571,
0.0,
0.36,
0.21153846153846154,
0.017543859649122806,
0.23809523809523808,
0.03278688524590164,
0.7692307692307693,
0.0,
0.8666666666666667,
0.5882352941176471,
0.37735849056603776,
0.0,
0.017543859649122806,
0.25,
0.5,
0.023809523809523808,
0.625,
0.3333333333333333,
0.4,
0.5,
0.06451612903225806,
0.5294117647058824,
0.19230769230769232,
0.043478260869565216,
0.1111111111111111,
0.05,
0.18333333333333332,
0.022222222222222223,
0.25,
0.7333333333333333,
0.017543859649122806,
0.12857142857142856,
0.034482758620689655,
0.061224489795918366,
0.65,
0.16666666666666666,
0.18181818181818182,
0.0,
0.09090909090909091,
0.3225806451612903,
0.8,
0.2222222222222222,
0.35384615384615387,
0.45,
0.015384615384615385,
0.056338028169014086,
0.017543859649122806,
0.7857142857142857,
0.1388888888888889,
0.25,
0.04918032786885246,
0.15789473684210525,
0.7,
0.2765957446808511,
0.058823529411764705,
0.014925373134328358,
0.0,
0.5555555555555556,
0.6206896551724138,
0.3684210526315789,
0.14705882352941177,
0.0,
0.08064516129032258,
0.23529411764705882,
0.7142857142857143,
0.0,
0.8333333333333334,
0.4,
0.021739130434782608,
0.23529411764705882,
0.7692307692307693,
0.6111111111111112,
0.2,
0.5,
0.2653061224489796,
0.09523809523809523,
0.0,
0.2777777777777778,
0.10144927536231885,
0.21739130434782608,
0.05555555555555555,
0.8461538461538461,
0.02702702702702703,
0.015625,
0.36363636363636365,
0.017543859649122806,
0.07407407407407407,
0.18571428571428572,
0.38461538461538464,
0.14285714285714285,
0.09230769230769231,
0.06060606060606061,
0.6666666666666666,
0.6666666666666666,
0.6363636363636364,
0.20588235294117646,
0.2222222222222222,
0.0,
0.19230769230769232,
0.5,
0.45454545454545453,
0.55,
0.5555555555555556,
0.6,
0.40298507462686567,
0.030303030303030304,
0.0,
0.4166666666666667,
0.013888888888888888,
0.04,
0.08333333333333333,
0.25301204819277107,
0.12962962962962962,
0.1111111111111111,
0.07407407407407407,
0.21052631578947367,
0.2028985507246377,
0.14285714285714285,
0.0,
0.38461538461538464,
0.8571428571428571,
0.07936507936507936,
0.17105263157894737,
0.19298245614035087,
0.18181818181818182,
0.6363636363636364,
0.3333333333333333,
0.3333333333333333,
0.47619047619047616,
0.1,
0.0,
1.0,
1.0,
0.109375,
0.29545454545454547,
0.4358974358974359,
0.6666666666666666,
0.5,
0.9285714285714286,
0.0,
0.12244897959183673,
0.07692307692307693,
0.8888888888888888,
0.0,
0.0,
0.19718309859154928,
0.5263157894736842,
0.2,
0.75,
0.16216216216216217,
0.0,
0.7647058823529411,
0.19672131147540983,
0.0,
0.34782608695652173,
0.0,
0.06944444444444445,
0.47368421052631576,
0.3076923076923077,
0.0,
0.06060606060606061,
0.3125,
0.25806451612903225,
0.5652173913043478,
0.38235294117647056,
0.2,
0.7692307692307693,
0.08108108108108109,
0.4375,
0.08333333333333333,
0.19230769230769232,
0.16666666666666666,
0.5555555555555556,
0.08064516129032258,
0.7368421052631579,
0.19642857142857142,
0.0,
1.0,
0.0,
0.38235294117647056,
0.0,
0.7,
0.125,
0.13043478260869565,
0.0,
0.1643835616438356,
0.017241379310344827,
0.23076923076923078,
0.01694915254237288,
0.01694915254237288,
1.0,
0.07142857142857142,
0.0,
0.46153846153846156,
0.10256410256410256,
0.6923076923076923,
0.0,
0.8181818181818182,
0.05,
0.0,
0.4666666666666667,
0.16666666666666666,
0.03278688524590164,
0.2903225806451613,
0.75,
0.4166666666666667,
0.68,
0.3333333333333333,
0.14285714285714285,
1.0,
0.17857142857142858,
0.4857142857142857,
0.45454545454545453,
0.7142857142857143,
0.3076923076923077,
0.0,
0.5405405405405406,
0.6,
0.125,
0.1320754716981132,
0.4482758620689655,
0.06060606060606061,
0.2619047619047619,
0.0,
0.3673469387755102,
0.15789473684210525,
1.0,
0.375,
0.06666666666666667,
0.07692307692307693,
0.017543859649122806,
0.0,
0.0,
0.6666666666666666,
0.8461538461538461,
0.2857142857142857,
0.0,
0.20987654320987653,
0.2608695652173913,
0.015151515151515152,
0.8181818181818182,
0.0,
0.125,
0.20967741935483872,
0.0,
0.34782608695652173,
0.2,
0.5789473684210527,
0.3698630136986301,
0.0,
0.35294117647058826,
1.0,
0.03571428571428571,
0.078125,
0.38095238095238093,
1.0,
0.0,
0.0,
0.2631578947368421,
0.09090909090909091,
0.1076923076923077,
0.6666666666666666,
0.4,
0.68,
0.1232876712328767,
0.08163265306122448,
0.08,
0.44642857142857145,
0.016666666666666666,
0.19230769230769232,
0.07692307692307693,
0.0,
1.0,
0.07352941176470588,
0.031746031746031744,
0.07142857142857142,
0.9333333333333333,
0.0,
0.30434782608695654,
0.75,
0.42857142857142855,
0.46153846153846156,
0.25,
0.020833333333333332,
0.07246376811594203,
0.34615384615384615,
0.0,
0.034482758620689655,
0.17567567567567569,
0.7333333333333333,
0.1917808219178082,
0.8571428571428571,
0.0,
0.0,
0.7058823529411765,
0.5777777777777777,
0.2857142857142857,
0.6,
0.375,
0.42857142857142855,
0.03333333333333333,
0.8666666666666667,
0.015384615384615385,
0.06557377049180328,
0.5,
0.0,
0.4,
0.10526315789473684,
0.7222222222222222,
0.016129032258064516,
0.17647058823529413,
0.5925925925925926,
0.03225806451612903,
0.05714285714285714,
0.2692307692307692,
0.034482758620689655,
0.05970149253731343,
0.24074074074074073,
0.39285714285714285,
1.0,
1.0,
0.3125,
0.0,
0.2,
0.01818181818181818,
0.3870967741935484,
0.016129032258064516,
0.04918032786885246,
0.5714285714285714,
0.11320754716981132,
0.1323529411764706,
0.23728813559322035,
0.7142857142857143,
0.125,
0.23809523809523808,
0.15789473684210525,
0.1,
0.06153846153846154,
0.43283582089552236,
0.0,
0.3,
0.017543859649122806,
0.4166666666666667,
0.0,
0.0,
0.18181818181818182,
0.3333333333333333,
0.30120481927710846,
0.3191489361702128,
0.5,
0.875,
1.0,
0.7857142857142857,
0.391304347826087,
0.6363636363636364,
0.01818181818181818,
0.04838709677419355,
0.2465753424657534,
0.3950617283950617,
0.11940298507462686,
0.7333333333333333,
0.5384615384615384,
0.3333333333333333,
0.07246376811594203,
0.3125,
0.5,
0.08695652173913043,
0.0,
0.03571428571428571,
0.109375,
0.3333333333333333,
0.35,
0.25,
0.0,
0.42424242424242425,
0.5454545454545454,
0.17391304347826086,
0.6111111111111112,
0.0,
0.1,
0.75,
0.13636363636363635,
0.0,
0.2857142857142857,
0.45454545454545453,
0.14864864864864866,
0.0,
0.06060606060606061,
0.9375,
0.0,
0.0,
0.2857142857142857,
0.03076923076923077,
0.75,
0.12903225806451613,
0.046153846153846156,
0.03125,
0.2857142857142857,
0.109375,
0.5142857142857142,
0.2857142857142857,
0.11764705882352941,
0.06666666666666667,
0.0,
0.30952380952380953,
0.0,
0.09523809523809523,
0.016666666666666666,
0.021739130434782608,
0.0,
0.8333333333333334,
0.5714285714285714,
0.0,
0.0,
0.32653061224489793,
0.05970149253731343,
0.2835820895522388,
0.2857142857142857,
0.0,
0.5714285714285714,
0.5555555555555556,
0.1875,
0.10714285714285714,
0.017543859649122806,
0.3684210526315789,
0.0,
0.017241379310344827,
0.0,
0.30434782608695654,
0.1111111111111111,
0.0,
0.08695652173913043,
0.17105263157894737,
0.6,
0.18518518518518517,
0.06666666666666667,
0.0625,
0.3523809523809524,
0.03225806451612903,
0.2,
