0.04838709677419355,
0.05714285714285714,
0.35294117647058826,
0.03636363636363636,
0.06666666666666667,
0.015384615384615385,
0.09090909090909091,
0.1016949152542373,
0.045454545454545456,
0.0,
0.04918032786885246,
0.36363636363636365,
0.16666666666666666,
0.09803921568627451,
0.1,
0.12280701754385964,
1.0,
0.018867924528301886,
0.3157894736842105,
0.125,
0.013333333333333334,
0.0,
0.0,
0.25,
0.38095238095238093,
0.03389830508474576,
0.2222222222222222,
0.8,
0.0,
0.125,
0.37037037037037035,
0.017857142857142856,
0.05555555555555555,
0.0,
0.0,
0.01639344262295082,
0.5,
0.3,
0.06451612903225806,
0.0,
0.0,
0.018518518518518517,
0.0,
0.0,
0.35714285714285715,
0.03333333333333333,
0.0,
0.18181818181818182,
0.35,
0.016666666666666666,
0.0,
0.13559322033898305,
0.10344827586206896,
0.0,
0.3888888888888889,
0.017857142857142856,
0.015873015873015872,
0.0,
0.0,
0.017543859649122806,
0.0,
0.2727272727272727,
0.057692307692307696,
0.06451612903225806,
0.25,
0.14814814814814814,
0.17647058823529413,
0.3333333333333333,
0.22727272727272727,
0.0,
0.0,
0.015625,
1.0,
0.0,
0.0,
0.23076923076923078,
0.625,
0.21875,
0.01818181818181818,
0.13513513513513514,
0.2,
0.0,
0.16666666666666666,
0.2,
0.3076923076923077,
0.0,
0.03571428571428571,
0.13333333333333333,
0.45454545454545453,
0.16666666666666666,
0.15384615384615385,
0.15,
0.15151515151515152,
0.0,
0.09090909090909091,
0.0,
0.038461538461538464,
0.08,
0.0,
0.13333333333333333,
0.09090909090909091,
0.0,
0.1,
0.01639344262295082,
0.015873015873015872,
0.3125,
0.2608695652173913,
0.0,
0.01694915254237288,
0.0,
1.0,
0.14705882352941177,
0.18181818181818182,
0.0,
0.0,
0.0425531914893617,
0.046153846153846156,
0.06779661016949153,
0.125,
0.01639344262295082,
0.4,
0.0,
0.16,
0.06779661016949153,
0.0,
0.14285714285714285,
0.0,
0.0,
0.625,
0.14285714285714285,
0.16,
0.1016949152542373,
0.21052631578947367,
0.20833333333333334,
0.2,
0.14285714285714285,
0.0,
0.0,
0.2727272727272727,
0.05263157894736842,
0.015151515151515152,
0.25,
0.0,
0.11538461538461539,
0.13114754098360656,
0.0,
0.0,
0.1282051282051282,
0.030303030303030304,
0.0196078431372549,
0.0,
0.03225806451612903,
0.0,
0.25,
0.14545454545454545,
0.047619047619047616,
0.01818181818181818,
0.0,
0.5714285714285714,
0.3333333333333333,
0.0,
0.0,
0.03571428571428571,
0.75,
1.0,
0.3103448275862069,
0.0,
0.4117647058823529,
0.0,
0.2857142857142857,
0.03225806451612903,
0.03333333333333333,
0.1935483870967742,
0.4375,
0.2857142857142857,
0.0,
0.1111111111111111,
0.058823529411764705,
0.045454545454545456,
0.0,
0.03125,
0.03773584905660377,
0.8,
0.21428571428571427,
0.07407407407407407,
0.2857142857142857,
0.6666666666666666,
0.0,
0.0196078431372549,
0.018518518518518517,
0.08620689655172414,
0.018867924528301886,
0.017543859649122806,
0.13333333333333333,
0.06896551724137931,
0.10714285714285714,
0.0,
0.01818181818181818,
0.14814814814814814,
0.0,
0.0,
0.2,
0.17142857142857143,
0.0,
0.019230769230769232,
0.08620689655172414,
0.03508771929824561,
0.22727272727272727,
0.125,
0.08823529411764706,
0.29411764705882354,
0.12280701754385964,
0.06666666666666667,
0.015384615384615385,
0.0,
1.0,
0.018518518518518517,
0.13333333333333333,
0.2926829268292683,
0.045454545454545456,
0.018518518518518517,
0.25,
0.017543859649122806,
0.07407407407407407,
0.17647058823529413,
0.07142857142857142,
0.17777777777777778,
0.125,
0.01694915254237288,
1.0,
0.05555555555555555,
0.038461538461538464,
0.11538461538461539,
0.0,
0.0,
0.10294117647058823,
0.017543859649122806,
0.03773584905660377,
0.5,
0.3,
0.0,
0.08771929824561403,
0.125,
0.0,
0.12,
0.08771929824561403,
0.0,
0.1,
0.07462686567164178,
0.3333333333333333,
0.037037037037037035,
0.0,
0.0,
0.018518518518518517,
0.17857142857142858,
0.0,
0.029411764705882353,
0.5,
0.017857142857142856,
0.0,
0.20689655172413793,
0.01694915254237288,
0.0,
0.015873015873015872,
0.016666666666666666,
0.0,
0.10256410256410256,
0.058823529411764705,
0.8571428571428571,
0.0,
0.10416666666666667,
0.0,
0.07142857142857142,
0.0,
1.0,
0.8,
0.5,
0.0,
0.05555555555555555,
0.20588235294117646,
0.0,
0.75,
0.13333333333333333,
0.19444444444444445,
0.5555555555555556,
0.07142857142857142,
0.01694915254237288,
0.0,
0.11627906976744186,
0.0392156862745098,
0.05,
0.0,
0.0,
0.07462686567164178,
0.03571428571428571,
0.017241379310344827,
0.18181818181818182,
0.0625,
0.01818181818181818,
0.018518518518518517,
1.0,
0.21428571428571427,
0.0,
0.2222222222222222,
0.15384615384615385,
0.018518518518518517,
0.03278688524590164,
0.016129032258064516,
0.0,
0.03508771929824561,
0.25,
0.0,
0.06060606060606061,
0.08771929824561403,
0.05454545454545454,
0.05,
0.16666666666666666,
0.09259259259259259,
0.03076923076923077,
0.05357142857142857,
0.3333333333333333,
0.01818181818181818,
0.0,
0.018867924528301886,
0.0,
0.05454545454545454,
0.38461538461538464,
0.1836734693877551,
0.05357142857142857,
0.16666666666666666,
0.22727272727272727,
0.15384615384615385,
0.0,
0.09090909090909091,
0.03773584905660377,
0.037037037037037035,
0.2857142857142857,
0.0,
0.0,
0.0967741935483871,
0.23684210526315788,
0.017857142857142856,
0.05454545454545454,
0.2222222222222222,
0.046511627906976744,
0.0,
0.4,
0.08571428571428572,
0.0,
0.16666666666666666,
0.0,
0.10909090909090909,
0.6666666666666666,
0.09615384615384616,
0.05263157894736842,
0.0,
0.034482758620689655,
0.38461538461538464,
0.07017543859649122,
0.058823529411764705,
0.0,
0.0,
0.08928571428571429,
0.017857142857142856,
0.0,
0.375,
0.8181818181818182,
0.016129032258064516,
0.1780821917808219,
0.01639344262295082,
0.0,
0.5,
0.1724137931034483,
0.18333333333333332,
1.0,
0.14285714285714285,
0.02040816326530612,
0.0,
0.125,
0.015384615384615385,
0.3333333333333333,
0.0,
0.38095238095238093,
0.0,
0.07407407407407407,
0.08333333333333333,
0.0,
0.018518518518518517,
0.14285714285714285,
0.11538461538461539,
0.25,
0.25,
0.06666666666666667,
0.06666666666666667,
0.017543859649122806,
0.125,
0.019230769230769232,
0.3333333333333333,
0.0,
0.16666666666666666,
0.0,
0.01818181818181818,
0.0,
0.13043478260869565,
0.11764705882352941,
0.6666666666666666,
0.2857142857142857,
1.0,
0.0,
0.10344827586206896,
1.0,
0.25,
0.08108108108108109,
0.0,
0.06666666666666667,
0.0,
0.04918032786885246,
0.2222222222222222,
0.0,
0.038461538461538464,
0.09523809523809523,
0.046875,
0.0,
0.3,
0.03571428571428571,
0.0,
0.01694915254237288,
0.045454545454545456,
0.5714285714285714,
0.25,
0.18181818181818182,
0.0,
0.0,
0.0,
0.023255813953488372,
0.25,
0.375,
0.140625,
0.0196078431372549,
0.3076923076923077,
1.0,
0.0,
0.125,
0.2727272727272727,
0.13333333333333333,
1.0,
0.3548387096774194,
0.25,
0.07692307692307693,
0.0,
0.05405405405405406,
0.0,
0.06896551724137931,
0.0,
0.3076923076923077,
0.05454545454545454,
0.625,
0.0,
0.07142857142857142,
0.11594202898550725,
0.016129032258064516,
0.07142857142857142,
0.1,
0.0,
0.0,
0.19047619047619047,
0.07142857142857142,
0.14285714285714285,
0.5,
0.15789473684210525,
0.0,
0.2692307692307692,
0.05,
0.5555555555555556,
0.5714285714285714,
0.0,
0.17647058823529413,
0.4,
0.10810810810810811,
0.03636363636363636,
0.23076923076923078,
0.0,
0.0,
0.3333333333333333,
0.75,
0.8333333333333334,
0.01694915254237288,
0.058823529411764705,
0.03571428571428571,
0.6,
0.045454545454545456,
0.0,
0.16129032258064516,
0.8181818181818182,
0.0,
0.06896551724137931,
0.03125,
0.0,
0.05454545454545454,
0.0,
0.75,
0.0,
1.0,
0.046153846153846156,
0.016129032258064516,
0.0,
0.017857142857142856,
0.47619047619047616,
0.0,
0.037037037037037035,
0.21428571428571427,
0.0,
0.5,
0.2,
0.14285714285714285,
0.375,
0.05454545454545454,
0.0,
0.07017543859649122,
0.015384615384615385,
0.125,
0.1206896551724138,
0.0,
0.1,
0.016666666666666666,
0.125,
0.3333333333333333,
0.1875,
0.016129032258064516,
0.1,
0.25,
0.2,
0.2,
0.08333333333333333,
0.0,
0.0,
0.01818181818181818,
0.046153846153846156,
0.16666666666666666,
0.14285714285714285,
0.01694915254237288,
0.016666666666666666,
0.0,
0.0,
0.16666666666666666,
0.01818181818181818,
0.03571428571428571,
0.2857142857142857,
0.015873015873015872,
0.078125,
0.3333333333333333,
0.13793103448275862,
0.0,
0.03125,
0.03389830508474576,
0.13333333333333333,
0.04,
0.0,
0.0,
0.15492957746478872,
0.03225806451612903,
0.0,
0.0,
0.11538461538461539,
0.01639344262295082,
0.0,
0.2608695652173913,
0.07894736842105263,
0.015873015873015872,
0.0,
0.03225806451612903,
0.625,
0.12903225806451613,
0.03125,
0.25,
0.4,
0.017857142857142856,
0.23076923076923078,
0.0,
0.06382978723404255,
0.0,
0.13333333333333333,
1.0,
0.0684931506849315,
0.0,
0.3333333333333333,
0.0,
0.3125,
0.05172413793103448,
0.018518518518518517,
0.03333333333333333,
0.2,
0.08695652173913043,
0.7142857142857143,
0.0,
0.08333333333333333,
1.0,
0.0,
1.0,
0.017543859649122806,
0.0,
0.0,
0.0,
0.0,
0.03225806451612903,
0.03225806451612903,
0.16666666666666666,
0.7142857142857143,
0.16666666666666666,
0.0,
0.4375,
0.017857142857142856,
0.1111111111111111,
0.0,
0.0,
0.017543859649122806,
0.125,
0.03508771929824561,
0.0,
0.03333333333333333,
0.017857142857142856,
0.0,
0.06666666666666667,
0.625,
0.018518518518518517,
0.375,
0.0,
0.4,
0.17647058823529413,
0.0,
0.21621621621621623,
0.03389830508474576,
0.13114754098360656,
0.03571428571428571,
0.2857142857142857,
0.6666666666666666,
0.043478260869565216,
0.7142857142857143,
0.13846153846153847,
0.0,
0.0,
0.0,
0.5384615384615384,
0.08333333333333333,
0.018867924528301886,
0.25,
0.03125,
0.15151515151515152,
0.3,
0.03125,
0.01818181818181818,
0.18181818181818182,
0.0,
0.35714285714285715,
0.0,
0.16666666666666666,
0.15789473684210525,
0.3333333333333333,
0.057692307692307696,
0.09523809523809523,
0.5833333333333334,
0.12962962962962962,
1.0,
0.0,
0.02,
0.15384615384615385,
0.2571428571428571,
0.0,
0.0,
0.625,
0.0,
0.4444444444444444,
0.07017543859649122,
0.4,
0.02702702702702703,
0.0,
0.016666666666666666,
0.22916666666666666,
1.0,
0.18181818181818182,
0.0,
0.11764705882352941,
0.11764705882352941,
0.13333333333333333,
0.14285714285714285,
0.01694915254237288,
0.14893617021276595,
0.1694915254237288,
0.10714285714285714,
0.07017543859649122,
0.36363636363636365,
0.058823529411764705,
0.03571428571428571,
0.0,
0.0,
0.0,
0.07142857142857142,
0.2028985507246377,
0.08571428571428572,
0.0,
0.016129032258064516,
0.046153846153846156,
0.13043478260869565,
0.034482758620689655,
0.0,
0.034482758620689655,
0.03508771929824561,
0.017241379310344827,
0.14285714285714285,
0.0,
0.125,
0.0,
0.3157894736842105,
0.17142857142857143,
0.09090909090909091,
0.18604651162790697,
0.11764705882352941,
0.2222222222222222,
0.0,
0.0,
0.058823529411764705,
0.03225806451612903,
0.375,
0.0,
0.03508771929824561,
0.05263157894736842,
0.016666666666666666,
0.46153846153846156,
0.18181818181818182,
0.05555555555555555,
0.08620689655172414,
0.08695652173913043,
0.0,
0.0,
0.07142857142857142,
0.03225806451612903,
0.017241379310344827,
0.03571428571428571,
0.2222222222222222,
0.0,
0.17647058823529413,
0.015873015873015872,
0.05660377358490566,
0.09375,
0.6666666666666666,
0.6666666666666666,
0.125,
0.01818181818181818,
0.07142857142857142,
0.4166666666666667,
0.11764705882352941,
0.0,
1.0,
0.1875,
0.03508771929824561,
0.0,
0.08771929824561403,
0.03333333333333333,
0.024390243902439025,
0.0,
1.0,
0.19047619047619047,
0.0,
0.1875,
0.0,
0.018518518518518517,
0.8,
0.08695652173913043,
0.5,
0.24324324324324326,
0.2222222222222222,
0.017543859649122806,
0.21052631578947367,
0.09433962264150944,
0.3333333333333333,
0.3125,
0.05555555555555555,
0.03278688524590164,
0.041666666666666664,
0.4166666666666667,
0.018867924528301886,
0.0967741935483871,
0.5,
1.0,
0.031746031746031744,
0.08695652173913043,
0.03225806451612903,
0.1111111111111111,
0.03636363636363636,
0.4,
0.25,
0.3333333333333333,
0.25,
0.23636363636363636,
0.07547169811320754,
0.05263157894736842,
0.6,
0.08,
0.0,
0.13043478260869565,
0.42857142857142855,
0.14285714285714285,
0.1016949152542373,
0.4,
0.1111111111111111,
0.42857142857142855,
0.8,
0.04,
0.2,
0.16666666666666666,
0.24193548387096775,
0.14285714285714285,
0.022727272727272728,
1.0,
0.01818181818181818,
0.38461538461538464,
0.0,
0.2,
0.0,
0.125,
0.75,
0.0,
0.14285714285714285,
0.0,
0.2,
0.0,
0.0,
0.13636363636363635,
0.0,
0.08771929824561403,
0.018518518518518517,
0.875,
0.034482758620689655,
0.36363636363636365,
0.16129032258064516,
0.22727272727272727,
0.5333333333333333,
0.016666666666666666,
0.0,
0.018867924528301886,
0.0625,
0.046153846153846156,
1.0,
0.03389830508474576,
0.0,
0.2608695652173913,
0.0,
0.09090909090909091,
0.1,
0.4375,
0.21052631578947367,
0.0,
0.019230769230769232,
0.38461538461538464,
0.06896551724137931,
1.0,
0.2,
0.5714285714285714,
0.0,
0.05454545454545454,
0.03125,
0.015873015873015872,
0.4230769230769231,
0.21052631578947367,
0.5,
0.0,
0.1,
0.17142857142857143,
0.75,
0.16666666666666666,
0.0,
0.06666666666666667,
1.0,
0.11904761904761904,
0.3181818181818182,
0.2222222222222222,
0.047619047619047616,
0.4,
0.25,
0.21428571428571427,
0.07142857142857142,
1.0,
0.26666666666666666,
0.016666666666666666,
0.25,
0.2,
0.0625,
1.0,
0.1111111111111111,
0.26666666666666666,
0.02,
0.2,
0.01818181818181818,
0.3333333333333333,
0.17391304347826086,
0.0,
0.08,
0.037037037037037035,
0.0,
0.375,
0.0,
0.06666666666666667,
0.07142857142857142,
0.03333333333333333,
0.07017543859649122,
0.01818181818181818,
0.0425531914893617,
0.03333333333333333,
0.0,
0.2,
0.35294117647058826,
0.09433962264150944,
0.1,
0.0,
0.08928571428571429,
0.0,
0.05357142857142857,
0.22727272727272727,
0.375,
0.03636363636363636,
0.2727272727272727,
0.15384615384615385,
0.17647058823529413,
0.1111111111111111,
0.36585365853658536,
0.20588235294117646,
1.0,
0.0,
0.16666666666666666,
0.1016949152542373,
0.2,
0.5185185185185185,
0.04,
0.0,
0.18181818181818182,
0.09090909090909091,
0.08823529411764706,
0.0,
0.0,
0.15384615384615385,
0.0,
0.01818181818181818,
0.3157894736842105,
0.017857142857142856,
0.0,
0.04918032786885246,
0.2647058823529412,
0.21428571428571427,
0.017543859649122806,
0.0,
0.0,
0.05263157894736842,
0.0,
0.4,
0.1,
0.0,
0.08928571428571429,
0.11320754716981132,
0.3333333333333333,
0.05555555555555555,
0.1,
0.06349206349206349,
0.03389830508474576,
0.125,
0.0,
0.08333333333333333,
0.0967741935483871,
0.36363636363636365,
0.043478260869565216,
0.0,
0.0,
0.018867924528301886,
0.21428571428571427,
0.13636363636363635,
0.16666666666666666,
0.05660377358490566,
0.03571428571428571,
0.125,
0.8333333333333334,
0.46153846153846156,
0.2222222222222222,
0.0,
0.017543859649122806,
0.05263157894736842,
0.05084745762711865,
0.6,
0.017857142857142856,
0.25,
0.0,
0.017543859649122806,
0.15,
0.3333333333333333,
0.1111111111111111,
0.18518518518518517,
0.09523809523809523,
0.03389830508474576,
0.04838709677419355,
0.0,
0.0,
0.0,
0.0,
0.0,
0.0,
0.6666666666666666,
0.045454545454545456,
0.16666666666666666,
0.0,
0.0,
0.07142857142857142,
1.0,
0.16666666666666666,
0.625,
0.0,
0.15217391304347827,
0.13043478260869565,
0.0,
0.0,
0.25,
0.0,
0.6666666666666666,
0.2,
0.05357142857142857,
0.10344827586206896,
0.4444444444444444,
0.05555555555555555,
0.13725490196078433,
0.0,
0.01639344262295082,
0.05714285714285714,
0.2,
0.5714285714285714,
0.034482758620689655,
0.07142857142857142,
0.2923076923076923,
0.19047619047619047,
0.03333333333333333,
0.046153846153846156,
0.0,
0.0,
0.42857142857142855,
0.29411764705882354,
0.0,
0.08333333333333333,
0.16666666666666666,
0.08333333333333333,
0.7142857142857143,
0.03278688524590164,
0.11764705882352941,
0.0,
0.3684210526315789,
0.05263157894736842,
0.1111111111111111,
0.03571428571428571,
0.0,
0.2222222222222222,
0.2,
0.4,
0.6,
0.17647058823529413,
0.0,
0.16666666666666666,
0.03389830508474576,
0.5714285714285714,
0.017543859649122806,
0.125,
0.0,
0.38461538461538464,
0.6666666666666666,
0.5,
0.05357142857142857,
0.46153846153846156,
0.0,
0.05263157894736842,
0.046875,
0.12121212121212122,
0.08928571428571429,
0.8571428571428571,
0.38461538461538464,
0.36363636363636365,
0.5,
0.03571428571428571,
0.5,
0.36363636363636365,
0.42857142857142855,
0.0,
0.2222222222222222,
0.0,
0.018867924528301886,
0.017543859649122806,
0.0,
0.04918032786885246,
0.21052631578947367,
0.0,
0.8333333333333334,
0.2692307692307692,
0.0,
0.3333333333333333,
0.1875,
0.0,
0.3,
0.037037037037037035,
0.0,
0.16129032258064516,
0.016666666666666666,
0.1956521739130435,
0.0,
0.027777777777777776,
0.08571428571428572,
0.05128205128205128,
0.2608695652173913,
0.047619047619047616,
0.0,
0.2727272727272727,
0.03508771929824561,
0.6666666666666666,
0.01639344262295082,
0.03508771929824561,
0.07142857142857142,
0.07462686567164178,
0.016129032258064516,
0.01639344262295082,
0.05263157894736842,
0.047619047619047616,
0.03225806451612903,
0.0,
0.16216216216216217,
0.0,
1.0,
0.11538461538461539,
0.0,
0.0,
0.08823529411764706,
0.7142857142857143,
0.5714285714285714,
0.0,
0.0967741935483871,
0.058823529411764705,
0.1016949152542373,
0.0,
0.017543859649122806,
0.04838709677419355,
1.0,
0.016666666666666666,
0.14754098360655737,
0.0625,
0.07142857142857142,
0.5,
0.017543859649122806,
0.02,
0.5,
0.1016949152542373,
0.3888888888888889,
0.16,
0.1,
0.07692307692307693,
0.03333333333333333,
0.017543859649122806,
0.03571428571428571,
0.01818181818181818,
0.01818181818181818,
0.10526315789473684,
0.35714285714285715,
0.3333333333333333,
0.08620689655172414,
0.0625,
0.03508771929824561,
0.375,
0.0,
0.0,
0.2727272727272727,
0.2222222222222222,
0.09836065573770492,
0.016129032258064516,
0.0,
0.0,
0.0,
0.2631578947368421,
0.08333333333333333,
0.046875,
0.03225806451612903,
0.11864406779661017,
0.1076923076923077,
0.017241379310344827,
0.18181818181818182,
0.25,
0.1,
0.06666666666666667,
0.04918032786885246,
0.06896551724137931,
0.5714285714285714,
0.0,
0.15517241379310345,
0.5,
0.031746031746031744,
0.07272727272727272,
0.06451612903225806,
0.208955223880597,
0.0,
0.2,
0.08928571428571429,
0.031746031746031744,
0.0,
0.25,
0.1724137931034483,
0.10526315789473684,
0.0,
0.07272727272727272,
0.09090909090909091,
0.8,
0.0,
0.15,
0.23529411764705882,
0.014925373134328358,
0.047619047619047616,
0.1111111111111111,
0.0,
1.0,
0.1935483870967742,
0.14,
0.36363636363636365,
0.8333333333333334,
0.48,
0.05172413793103448,
0.0,
0.07692307692307693,
0.05660377358490566,
0.375,
0.19047619047619047,
1.0,
1.0,
0.08571428571428572,
0.018518518518518517,
0.07407407407407407,
0.05357142857142857,
0.08333333333333333,
0.017857142857142856,
0.017543859649122806,
0.0,
0.046153846153846156,
0.08695652173913043,
0.11666666666666667,
0.75,
0.0,
0.21875,
0.04,
0.07272727272727272,
0.17391304347826086,
0.2857142857142857,
0.08333333333333333,
0.8,
0.05357142857142857,
0.6666666666666666,
0.01639344262295082,
0.07142857142857142,
0.016666666666666666,
0.0,
0.3888888888888889,
0.12121212121212122,
0.47619047619047616,
0.0,
0.2,
0.07692307692307693,
0.0,
0.037037037037037035,
0.017857142857142856,
0.07692307692307693,
0.019230769230769232,
0.21428571428571427,
0.25,
0.3333333333333333,
0.8,
0.05263157894736842,
0.0,
0.46153846153846156,
0.046875,
0.034482758620689655,
0.26666666666666666,
0.17391304347826086,
0.0,
0.017241379310344827,
0.03076923076923077,
0.08333333333333333,
0.18181818181818182,
0.2727272727272727,
0.5,
0.019230769230769232,
0.08620689655172414,
0.125,
0.18518518518518517,
0.16666666666666666,
0.018867924528301886,
0.0,
0.2608695652173913,
0.08695652173913043,
0.04081632653061224,
0.0,
0.2,
0.19047619047619047,
0.017857142857142856,
0.0,
0.125,
0.2222222222222222,
0.05555555555555555,
0.0,
0.1076923076923077,
0.7142857142857143,
0.0,
0.017543859649122806,
0.26666666666666666,
0.0,
0.2222222222222222,
0.037037037037037035,
0.2727272727272727,
0.045454545454545456,
0.20833333333333334,
0.09433962264150944,
0.208955223880597,
0.15625,
0.0,
0.06896551724137931,
0.0625,
0.08333333333333333,
0.75,
0.11538461538461539,
0.0,
0.0,
0.07142857142857142,
0.5555555555555556,
0.0,
0.018518518518518517,
0.5,
0.08620689655172414,
0.0,
0.42857142857142855,
0.07407407407407407,
0.0,
0.1111111111111111,
0.08620689655172414,
0.35714285714285715,
0.037037037037037035,
0.05263157894736842,
0.4,
0.0,
0.1111111111111111,
0.017857142857142856,
0.2,
0.038461538461538464,
0.125,
0.0,
0.7142857142857143,
0.16666666666666666,
0.1,
0.017543859649122806,
0.25,
0.08620689655172414,
0.11475409836065574,
0.2,
0.4166666666666667,
0.18181818181818182,
0.018518518518518517,
0.4,
0.03278688524590164,
0.0,
0.0,
0.13725490196078433,
0.8181818181818182,
0.06349206349206349,
0.5652173913043478,
0.2,
0.017543859649122806,
0.38461538461538464,
0.6,
0.0,
0.0,
0.5,
0.01818181818181818,
0.0,
0.05,
1.0,
0.5,
0.0,
0.2,
0.05405405405405406,
0.2,
0.03278688524590164,
0.21428571428571427,
0.4444444444444444,
0.0,
0.5,
0.16,
0.017241379310344827,
0.21052631578947367,
0.0,
0.05,
0.06349206349206349,
0.018867924528301886,
0.1,
0.09523809523809523,
0.375,
1.0,
0.03508771929824561,
0.5,
0.01639344262295082,
0.4166666666666667,
0.02631578947368421,
0.0,
0.015873015873015872,
0.05357142857142857,
0.018867924528301886,
0.017857142857142856,
0.017543859649122806,
0.1016949152542373,
0.04838709677419355,
0.07547169811320754,
0.01639344262295082,
0.7,
0.0,
0.0,
0.5,
0.10606060606060606,
0.037037037037037035,
0.016129032258064516,
0.017241379310344827,
0.3333333333333333,
0.5,
0.0,
0.046875,
0.03636363636363636,
0.037037037037037035,
0.375,
1.0,
0.04878048780487805,
0.14285714285714285,
0.07692307692307693,
0.01818181818181818,
0.6666666666666666,
0.015625,
0.046511627906976744,
0.28,
0.8,
0.2727272727272727,
0.0,
0.13793103448275862,
0.75,
0.05084745762711865,
0.125,
0.06349206349206349,
0.17391304347826086,
0.15254237288135594,
0.038461538461538464,
0.0,
0.13333333333333333,
0.14285714285714285,
0.08333333333333333,
0.5,
0.05,
0.0,
0.6666666666666666,
0.5384615384615384,
0.5,
0.125,
0.2222222222222222,
0.017543859649122806,
0.5,
1.0,
0.0,
0.4444444444444444,
0.23809523809523808,
0.2727272727272727,
0.0,
0.18181818181818182,
0.375,
0.2222222222222222,
0.05555555555555555,
0.0,
0.0,
0.041666666666666664,
0.0,
0.09090909090909091,
0.38461538461538464,
0.08695652173913043,
0.07692307692307693,
1.0,
0.01818181818181818,
0.2,
0.0,
0.13636363636363635,
0.12698412698412698,
0.045454545454545456,
0.0,
0.017241379310344827,
0.05263157894736842,
0.016129032258064516,
0.5714285714285714,
0.0,
0.015625,
0.018867924528301886,
0.25,
0.023255813953488372,
0.0,
0.0,
0.05454545454545454,
0.6,
0.6666666666666666,
0.0,
0.0,
0.029411764705882353,
0.018518518518518517,
0.21428571428571427,
0.016666666666666666,
0.5714285714285714,
0.0,
0.3333333333333333,
0.06666666666666667,
0.10344827586206896,
0.03571428571428571,
0.08196721311475409,
0.1111111111111111,
0.12962962962962962,
0.13793103448275862,
0.0,
0.0,
0.0,
0.19230769230769232,
0.03076923076923077,
0.7,
0.015873015873015872,
0.06557377049180328,
0.05555555555555555,
0.18518518518518517,
0.21311475409836064,
0.018518518518518517,
0.01818181818181818,
1.0,
0.015625,
0.18181818181818182,
0.17647058823529413,
0.03773584905660377,
0.018867924528301886,
0.11363636363636363,
0.08888888888888889,
0.03389830508474576,
0.0,
0.2222222222222222,
0.016666666666666666,
0.1111111111111111,
0.2,
0.0,
0.8571428571428571,
0.09090909090909091,
0.03225806451612903,
0.08333333333333333,
0.037037037037037035,
0.2857142857142857,
0.037037037037037035,
0.7142857142857143,
0.0,
0.0,
0.11764705882352941,
0.0,
0.0,
0.6666666666666666,
0.0,
0.26666666666666666,
0.01818181818181818,
0.014925373134328358,
0.034482758620689655,
0.0,
0.0,
0.4,
0.0,
0.037037037037037035,
0.0,
0.0,
0.0,
0.01818181818181818,
0.6666666666666666,
0.0,
1.0,
0.03278688524590164,
0.2857142857142857,
0.19047619047619047,
0.5555555555555556,
0.017857142857142856,
0.0,
1.0,
0.0,
0.03278688524590164,
0.0,
0.14285714285714285,
0.017543859649122806,
0.02127659574468085,
0.0,
0.8888888888888888,
0.8,
0.0625,
0.38461538461538464,
0.15789473684210525,
0.05,
0.25,
0.0,
0.3333333333333333,
0.0,
0.017857142857142856,
0.05555555555555555,
0.07692307692307693,
0.022222222222222223,
0.0,
0.15384615384615385,
1.0,
0.07692307692307693,
0.2571428571428571,
0.0,
0.038461538461538464,
0.22,
0.09090909090909091,
0.2777777777777778,
0.13333333333333333,
0.34782608695652173,
0.034482758620689655,
0.0,
0.125,
0.0,
0.4,
0.0,
0.0,
0.5,
0.0,
0.12195121951219512,
0.017857142857142856,
0.0,
0.04918032786885246,
0.07407407407407407,
0.04838709677419355,
0.037037037037037035,
0.0,
0.1111111111111111,
0.0,
0.4,
1.0,
0.0,
0.125,
0.1875,
0.0,
0.05660377358490566,
0.17647058823529413,
0.14285714285714285,
0.016666666666666666,
0.75,
0.016666666666666666,
0.02040816326530612,
0.42105263157894735,
0.25,
0.2692307692307692,
0.12903225806451613,
0.16666666666666666,
0.0,
0.0,
0.04918032786885246,
0.16666666666666666,
0.125,
0.2857142857142857,
0.05263157894736842,
0.01639344262295082,
0.14285714285714285,
0.05555555555555555,
0.07142857142857142,
0.047619047619047616,
0.08333333333333333,
0.01818181818181818,
0.019230769230769232,
0.16666666666666666,
0.03508771929824561,
0.11666666666666667,
0.03225806451612903,
0.05263157894736842,
0.14285714285714285,
0.2857142857142857,
0.0,
0.2857142857142857,
0.09090909090909091,
0.15384615384615385,
0.01639344262295082,
0.08,
0.16666666666666666,
0.2916666666666667,
0.0,
0.04477611940298507,
1.0,
0.11764705882352941,
0.01694915254237288,
0.6666666666666666,
0.7142857142857143,
0.05555555555555555,
0.5,
0.3333333333333333,
0.1875,
0.04,
0.019230769230769232,
0.07462686567164178,
0.13333333333333333,
0.75,
0.0,
0.0,
0.14814814814814814,
0.125,
0.07017543859649122,
0.3,
0.3181818181818182,
0.07272727272727272,
0.08620689655172414,
0.25,
0.05555555555555555,
0.0,
0.8333333333333334,
0.05357142857142857,
0.017857142857142856,
0.0,
0.0,
0.0,
0.0,
0.01694915254237288,
0.06666666666666667,
0.4666666666666667,
0.038461538461538464,
0.0,
0.017543859649122806,
0.04878048780487805,
0.0,
0.0,
0.0,
0.01818181818181818,
0.19402985074626866,
0.1111111111111111,
0.2,
0.5714285714285714,
0.057692307692307696,
0.17391304347826086,
0.0,
0.018867924528301886,
0.06666666666666667,
0.3076923076923077,
0.0,
0.875,
0.5833333333333334,
0.0,
0.0196078431372549,
0.5,
0.6666666666666666,
0.07017543859649122,
0.17073170731707318,
0.07142857142857142,
0.058823529411764705,
0.01639344262295082,
0.0,
0.0,
0.0,
0.12727272727272726,
0.0,
0.14285714285714285,
0.5,
0.2,
0.21875,
0.0,
0.05555555555555555,
0.017857142857142856,
1.0,
0.16666666666666666,
0.125,
0.0,
0.034482758620689655,
0.06451612903225806,
0.0,
0.6666666666666666,
0.05263157894736842,
0.2,
0.3333333333333333,
0.375,
0.125,
0.016666666666666666,
0.0,
0.025,
0.16129032258064516,
0.03508771929824561,
0.03571428571428571,
0.8,
0.0,
0.0,
0.20689655172413793,
0.5,
0.0,
0.0,
1.0,
0.3235294117647059,
1.0,
0.03508771929824561,
0.03278688524590164,
0.03125,
0.3333333333333333,
0.0,
0.05263157894736842,
0.03636363636363636,
0.0,
0.02,
0.03278688524590164,
0.13793103448275862,
0.15,
0.0,
0.016666666666666666,
0.07272727272727272,
0.07142857142857142,
0.0,
0.0,
0.38461538461538464,
0.0,
0.0,
0.0,
0.058823529411764705,
1.0,
0.4166666666666667,
0.031746031746031744,
0.01639344262295082,
0.017241379310344827,
0.01639344262295082,
1.0,
0.07142857142857142,
0.12903225806451613,
0.03225806451612903,
0.0,
0.16216216216216217,
0.07142857142857142,
0.12857142857142856,
0.0,
0.1956521739130435,
0.0,
0.0,
0.031746031746031744,
0.12280701754385964,
0.03278688524590164,
0.0,
0.18181818181818182,
0.07936507936507936,
0.0,
0.1346153846153846,
0.3333333333333333,
0.36231884057971014,
0.01818181818181818,
0.03278688524590164,
0.11940298507462686,
0.06666666666666667,
0.015384615384615385,
0.3125,
0.03636363636363636,
0.4,
0.15789473684210525,
0.0,
0.18181818181818182,
0.016666666666666666,
0.2,
0.0,
0.017857142857142856,
0.11864406779661017,
0.02040816326530612,
0.16216216216216217,
0.06666666666666667,
0.09090909090909091,
0.11320754716981132,
0.0,
0.043478260869565216,
0.11428571428571428,
0.05263157894736842,
0.03636363636363636,
0.08333333333333333,
0.3333333333333333,
0.0,
0.5833333333333334,
0.058823529411764705,
0.0,
0.05454545454545454,
0.2,
0.42105263157894735,
0.27419354838709675,
0.0,
0.017857142857142856,
0.05555555555555555,
0.05263157894736842,
0.0,
0.018867924528301886,
0.03225806451612903,
0.0,
0.17857142857142858,
0.05357142857142857,
0.08333333333333333,
0.25,
0.25,
0.08771929824561403,
0.0,
0.0,
0.16666666666666666,
1.0,
0.2222222222222222,
0.18181818181818182,
0.75,
0.017241379310344827,
0.0,
0.018518518518518517,
0.2,
0.07692307692307693,
0.12727272727272726,
0.0,
0.175,
0.0,
0.0,
0.3,
0.05357142857142857,
0.6666666666666666,
0.0,
0.0,
0.05555555555555555,
0.13043478260869565,
0.42857142857142855,
0.5,
0.22727272727272727,
0.375,
0.1111111111111111,
0.0,
0.08108108108108109,
0.0,
0.0,
0.06896551724137931,
0.1076923076923077,
0.3333333333333333,
0.0,
0.13043478260869565,
0.125,
0.05555555555555555,
0.0967741935483871,
0.0,
0.029850746268656716,
0.03225806451612903,
0.0625,
0.031746031746031744,
0.6363636363636364,
0.5,
0.03773584905660377,
0.0,
0.05357142857142857,
0.05084745762711865,
0.0,
0.0,
0.03225806451612903,
0.25,
0.018867924528301886,
0.25,
0.09090909090909091,
0.0,
0.06060606060606061,
0.0425531914893617,
0.3333333333333333,
0.03571428571428571,
0.125,
0.0847457627118644,
0.0,
0.07692307692307693,
0.10526315789473684,
0.0,
0.42857142857142855,
0.1111111111111111,
0.0,
0.46153846153846156,
0.42857142857142855,
0.29411764705882354,
0.0,
0.0,
0.42857142857142855,
0.15625,
0.0,
0.4444444444444444,
0.1206896551724138,
0.015625,
0.42857142857142855,
0.034482758620689655,
0.16666666666666666,
0.1111111111111111,
0.08196721311475409,
0.0,
0.034482758620689655,
0.1,
0.0,
0.4,
0.18032786885245902,
0.0,
0.42857142857142855,
0.75,
0.16666666666666666,
0.23529411764705882,
0.0,
0.09090909090909091,
0.017241379310344827,
0.8,
0.1111111111111111,
0.0,
0.07936507936507936,
0.15625,
0.6,
0.12,
0.07692307692307693,
0.6666666666666666,
0.017857142857142856,
0.078125,
0.1,
0.0,
0.2222222222222222,
0.0,
0.0,
0.38461538461538464,
0.041666666666666664,
0.2153846153846154,
0.16666666666666666,
0.3333333333333333,
0.23333333333333334,
0.0,
0.0392156862745098,
0.375,
0.0,
0.34210526315789475,
0.08333333333333333,
0.05,
0.16129032258064516,
0.03508771929824561,
0.07142857142857142,
0.0,
0.2972972972972973,
0.3333333333333333,
0.05263157894736842,
0.0,
0.0,
0.0,
0.03636363636363636,
0.20833333333333334,
0.034482758620689655,
0.0,
0.0,
0.4,
0.10606060606060606,
0.07575757575757576,
0.018518518518518517,
0.0,
0.018518518518518517,
0.04918032786885246,
0.0,
0.0847457627118644,
0.0,
0.0,
0.038461538461538464,
0.08695652173913043,
0.3103448275862069,
0.0,
0.13114754098360656,
0.0,
0.017543859649122806,
1.0,
0.05357142857142857,
0.2857142857142857,
0.09090909090909091,
0.0,
0.016666666666666666,
0.017857142857142856,
0.03571428571428571,
0.06,
0.015384615384615385,
0.03389830508474576,
0.01818181818181818,
0.3333333333333333,
0.03773584905660377,
0.4444444444444444,
0.0,
0.043478260869565216,
0.5555555555555556,
0.05084745762711865,
0.14285714285714285,
0.75,
0.125,
0.02702702702702703,
0.6666666666666666,
0.038461538461538464,
0.05263157894736842,
0.015873015873015872,
0.10526315789473684,
0.1111111111111111,
0.1,
0.0,
0.0,
0.0,
0.7777777777777778,
0.03076923076923077,
0.15384615384615385,
0.018518518518518517,
0.25,
0.03636363636363636,
0.0,
0.019230769230769232,
0.07017543859649122,
0.03773584905660377,
0.03571428571428571,
0.16666666666666666,
0.21428571428571427,
0.4,
0.0,
0.0,
0.0,
0.0,
0.171875,
0.03508771929824561,
0.0,
0.0,
0.0392156862745098,
1.0,
0.01639344262295082,
0.078125,
0.0,
0.25,
0.016666666666666666,
0.0,
0.016129032258064516,
0.1,
0.5,
0.8,
0.125,
0.14285714285714285,
0.09523809523809523,
0.03571428571428571,
0.0,
0.22857142857142856,
0.017241379310344827,
0.017857142857142856,
0.058823529411764705,
0.08333333333333333,
0.14516129032258066,
0.075,
0.03333333333333333,
0.32,
0.0,
0.0,
0.03636363636363636,
0.15384615384615385,
0.125,
1.0,
0.6,
0.0,
1.0,
0.10909090909090909,
0.11538461538461539,
0.0,
0.17857142857142858,
0.0625,
0.0,
0.8333333333333334,
0.7142857142857143,
0.11594202898550725,
0.42105263157894735,
0.0,
0.1111111111111111,
0.36363636363636365,
0.0,
0.03571428571428571,
0.0625,
0.0,
0.06666666666666667,
0.0,
0.018867924528301886,
0.625,
0.037037037037037035,
0.08333333333333333,
0.03508771929824561,
0.11764705882352941,
0.0,
0.1016949152542373,
0.10810810810810811,
0.0,
0.0,
0.05,
0.2857142857142857,
1.0,
0.09259259259259259,
0.0,
0.0,
1.0,
0.2,
0.0,
0.1875,
0.06451612903225806,
0.1,
0.5238095238095238,
0.9,
0.0,
0.017543859649122806,
0.0,
0.23333333333333334,
0.0,
0.0,
0.017543859649122806,
0.16,
0.375,
0.04878048780487805,
0.03225806451612903,
0.08771929824561403,
0.1111111111111111,
0.35294117647058826,
0.08333333333333333,
0.06557377049180328,
0.14285714285714285,
0.1016949152542373,
0.09090909090909091,
0.0,
0.0,
0.0,
0.0,
0.13043478260869565,
0.12903225806451613,
0.045454545454545456,
0.0625,
0.2,
0.0,
0.25,
0.13559322033898305,
0.018518518518518517,
0.0,
0.0,
0.03636363636363636,
0.01818181818181818,
0.1111111111111111,
0.2,
1.0,
0.30434782608695654,
0.2,
1.0,
0.03225806451612903,
0.038461538461538464,
0.0,
0.016666666666666666,
0.18181818181818182,
0.019230769230769232,
0.03508771929824561,
0.09090909090909091,
0.0,
0.375,
0.06896551724137931,
0.19642857142857142,
0.16666666666666666,
0.5,
0.16,
0.0,
0.06896551724137931,
0.42857142857142855,
0.15384615384615385,
0.037037037037037035,
1.0,
0.04878048780487805,
0.0,
0.45454545454545453,
0.09090909090909091,
0.0,
0.1016949152542373,
0.1111111111111111,
0.2,
0.1111111111111111,
0.0,
0.25,
0.3076923076923077,
0.4,
0.3,
0.4,
0.32786885245901637,
0.058823529411764705,
0.2857142857142857,
0.0,
0.25,
0.4090909090909091,
0.2857142857142857,
0.05555555555555555,
0.15384615384615385,
0.0,
0.09090909090909091,
0.275,
0.2631578947368421,
0.14285714285714285,
0.75,
0.05,
0.06557377049180328,
0.25,
0.3333333333333333,
0.2,
0.047619047619047616,
0.24528301886792453,
0.08771929824561403,
0.3333333333333333,
0.02,
0.15789473684210525,
0.17857142857142858,
0.0,
0.030303030303030304,
1.0,
1.0,
0.2222222222222222,
0.07142857142857142,
0.0,
0.0,
0.0,
0.018518518518518517,
0.4444444444444444,
0.23880597014925373,
0.0,
0.017857142857142856,
0.7142857142857143,
0.8,
0.0,
0.06779661016949153,
0.29411764705882354,
0.06060606060606061,
0.0,
0.05357142857142857,
0.05128205128205128,
0.0,
0.1111111111111111,
0.05454545454545454,
0.2857142857142857,
0.2,
0.125,
0.0,
0.20833333333333334,
0.1,
0.08771929824561403,
0.046875,
0.0,
0.15625,
0.034482758620689655,
0.0,
0.5882352941176471,
0.6,
0.06896551724137931,
0.14,
0.017857142857142856,
0.1111111111111111,
0.0,
0.09090909090909091,
0.10714285714285714,
0.0,
0.0,
0.08620689655172414,
0.14285714285714285,
0.07142857142857142,
0.02,
0.046875,
0.06976744186046512,
0.01818181818181818,
0.0,
0.017857142857142856,
0.05660377358490566,
0.0,
0.1,
0.16666666666666666,
0.1111111111111111,
0.015151515151515152,
0.12903225806451613,
0.3333333333333333,
0.0,
0.4,
0.0,
0.4,
0.03508771929824561,
0.03773584905660377,
0.017857142857142856,
0.0847457627118644,
0.14285714285714285,
0.3142857142857143,
0.03389830508474576,
0.015873015873015872,
0.14925373134328357,
0.078125,
0.019230769230769232,
0.06976744186046512,
0.10294117647058823,
0.0,
0.0,
0.0,
0.018867924528301886,
0.05263157894736842,
0.0,
0.0,
0.8571428571428571,
0.18181818181818182,
0.09090909090909091,
0.42857142857142855,
0.18032786885245902,
0.08333333333333333,
0.10526315789473684,
0.10344827586206896,
0.15384615384615385,
0.5,
0.03508771929824561,
0.018518518518518517,
0.018867924528301886,
1.0,
0.0,
0.09090909090909091,
0.0,
0.2,
0.1,
0.22727272727272727,
0.015384615384615385,
0.0,
0.0625,
0.8333333333333334,
0.07692307692307693,
0.2777777777777778,
0.017241379310344827,
0.018867924528301886,
0.15789473684210525,
0.5714285714285714,
1.0,
0.21052631578947367,
0.018518518518518517,
0.041666666666666664,
0.04081632653061224,
0.14492753623188406,
0.1111111111111111,
0.2631578947368421,
0.1875,
0.09523809523809523,
0.06896551724137931,
0.16129032258064516,
0.0,
0.0,
0.05660377358490566,
0.015625,
0.03636363636363636,
0.2727272727272727,
0.020833333333333332,
0.10909090909090909,
1.0,
0.018867924528301886,
0.07017543859649122,
0.058823529411764705,
0.07142857142857142,
0.015873015873015872,
0.5,
0.5454545454545454,
0.047619047619047616,
0.0,
0.3,
0.13333333333333333,
0.0,
0.23728813559322035,
1.0,
0.6666666666666666,
0.03571428571428571,
0.5,
0.625,
0.5555555555555556,
0.2962962962962963,
0.5,
0.06896551724137931,
0.23333333333333334,
0.0,
0.0,
0.0,
0.3684210526315789,
0.017543859649122806,
0.4444444444444444,
0.21428571428571427,
0.0,
0.038461538461538464,
0.03636363636363636,
0.0,
0.15,
0.037037037037037035,
0.0,
0.14285714285714285,
0.3333333333333333,
0.017543859649122806,
0.42857142857142855,
0.078125,
0.038461538461538464,
0.10526315789473684,
0.288135593220339,
0.3181818181818182,
0.08771929824561403,
0.14925373134328357,
0.0,
0.1111111111111111,
0.4,
0.0,
0.2692307692307692,
0.0,
0.04918032786885246,
0.24390243902439024,
1.0,
0.0,
0.16,
0.23255813953488372,
0.2,
0.23076923076923078,
0.017543859649122806,
0.0,
0.2857142857142857,
0.25,
0.0,
0.0,
0.0,
0.16393442622950818,
0.2857142857142857,
0.018518518518518517,
0.25806451612903225,
0.625,
0.038461538461538464,
0.047619047619047616,
0.0,
0.125,
0.016666666666666666,
0.0,
0.03636363636363636,
0.2,
0.5,
0.42857142857142855,
0.1,
0.0,
0.03389830508474576,
0.047619047619047616,
0.04878048780487805,
0.10526315789473684,
0.03571428571428571,
0.2,
0.06666666666666667,
0.0,
1.0,
0.07407407407407407,
0.0,
0.0,
0.025,
0.018518518518518517,
0.018518518518518517,
0.04838709677419355,
0.018518518518518517,
0.5,
0.0196078431372549,
0.05263157894736842,
0.0,
0.0,
0.03571428571428571,
0.058823529411764705,
0.09090909090909091,
0.03636363636363636,
0.20588235294117646,
0.75,
0.08620689655172414,
0.0,
0.03076923076923077,
0.06666666666666667,
0.043478260869565216,
0.4583333333333333,
0.0,
0.0,
1.0,
0.0,
0.0,
0.0,
0.09433962264150944,
0.2222222222222222,
0.0,
0.25,
0.0,
0.0,
0.1,
0.2857142857142857,
0.4444444444444444,
0.05357142857142857,
0.5263157894736842,
0.03571428571428571,
0.30434782608695654,
0.05263157894736842,
0.0,
0.03636363636363636,
0.06896551724137931,
0.1,
0.015873015873015872,
0.019230769230769232,
0.014925373134328358,
0.375,
0.0,
0.1,
0.26666666666666666,
0.04878048780487805,
0.0,
0.0,
0.047619047619047616,
0.06818181818181818,
0.015151515151515152,
0.031746031746031744,
0.42857142857142855,
0.09433962264150944,
0.19047619047619047,
0.25,
0.016129032258064516,
0.0,
0.0,
0.32142857142857145,
0.015151515151515152,
0.5,
0.03571428571428571,
0.2727272727272727,
0.3055555555555556,
0.0,
0.23255813953488372,
0.5,
0.0,
1.0,
0.20833333333333334,
0.11764705882352941,
0.016129032258064516,
0.1,
0.0,
0.0,
1.0,
0.6363636363636364,
0.8333333333333334,
0.017857142857142856,
0.2,
0.038461538461538464,
0.03636363636363636,
0.07462686567164178,
0.01639344262295082,
0.0,
0.019230769230769232,
0.03571428571428571,
0.8333333333333334,
0.01639344262295082,
0.0,
0.0,
0.04838709677419355,
0.0,
0.017241379310344827,
0.1875,
0.25,
0.0,
0.0,
0.2,
0.05172413793103448,
0.09836065573770492,
0.21875,
0.3076923076923077,
1.0,
0.04081632653061224,
0.25,
0.25,
0.9,
0.0,
0.75,
0.016129032258064516,
0.0,
0.0,
0.15151515151515152,
0.3333333333333333,
0.04,
0.024390243902439025,
0.06666666666666667,
0.6,
0.09836065573770492,
0.02040816326530612,
0.0,
0.019230769230769232,
0.01818181818181818,
0.6666666666666666,
0.17647058823529413,
0.02702702702702703,
0.75,
0.04838709677419355,
0.25,
0.06896551724137931,
0.017857142857142856,
0.04411764705882353,
0.0,
0.2903225806451613,
0.03571428571428571,
0.4444444444444444,
0.0,
0.1111111111111111,
0.0,
0.04,
0.2,
0.0,
0.018867924528301886,
0.031746031746031744,
0.15254237288135594,
0.2777777777777778,
0.0,
0.018867924528301886,
0.017241379310344827,
0.2777777777777778,
0.0625,
0.01818181818181818,
0.0,
0.3333333333333333,
0.0,
0.05084745762711865,
0.03508771929824561,
0.0,
0.0,
0.13043478260869565,
0.17857142857142858,
0.2727272727272727,
0.0,
0.15789473684210525,
0.25,
0.1111111111111111,
0.6,
0.0,
0.3333333333333333,
0.0,
0.8333333333333334,
0.175,
0.01639344262295082,
0.2727272727272727,
0.13043478260869565,
0.1111111111111111,
0.05357142857142857,
0.018867924528301886,
0.01639344262295082,
0.13043478260869565,
0.3333333333333333,
0.23076923076923078,
0.0,
0.125,
0.0,
0.16666666666666666,
0.0,
0.0967741935483871,
0.16666666666666666,
0.016129032258064516,
0.018518518518518517,
0.024390243902439025,
0.3333333333333333,
1.0,
0.16666666666666666,
0.23809523809523808,
0.125,
0.25,
0.0,
0.038461538461538464,
0.75,
0.22727272727272727,
0.034482758620689655,
0.3125,
0.1,
0.0,
0.15789473684210525,
0.8,
0.0847457627118644,
0.0,
0.07547169811320754,
0.0,
0.058823529411764705,
0.09090909090909091,
0.5,
0.0,
0.0,
0.034482758620689655,
0.3333333333333333,
0.08,
0.1891891891891892,
0.03773584905660377,
0.03225806451612903,
0.16666666666666666,
0.46153846153846156,
0.0967741935483871,
0.2,
0.016129032258064516,
0.07936507936507936,
0.06557377049180328,
0.1875,
0.15,
0.06153846153846154,
0.6666666666666666,
0.06666666666666667,
0.0392156862745098,
0.06896551724137931,
1.0,
0.0,
0.28,
0.2,
0.043478260869565216,
0.03571428571428571,
0.0,
0.3333333333333333,
0.3333333333333333,
0.0,
0.25,
0.6,
0.07142857142857142,
0.017857142857142856,
0.018518518518518517,
0.26666666666666666,
0.01818181818181818,
0.041666666666666664,
0.0,
0.21428571428571427,
0.4444444444444444,
0.01694915254237288,
0.0,
0.1,
0.0,
0.2777777777777778,
0.24,
0.0,
0.016129032258064516,
0.017543859649122806,
0.0,
0.5555555555555556,
0.038461538461538464,
0.037037037037037035,
0.037037037037037035,
0.03125,
0.018518518518518517,
1.0,
0.09090909090909091,
0.08,
0.1111111111111111,
0.1,
0.0,
0.0,
0.2727272727272727,
0.019230769230769232,
0.03636363636363636,
0.2857142857142857,
0.07692307692307693,
0.0,
0.0,
0.0,
0.08928571428571429,
0.07142857142857142,
0.0,
0.6,
0.0,
0.03508771929824561,
0.625,
1.0,
0.0,
0.09090909090909091,
0.3076923076923077,
0.14583333333333334,
0.0,
0.041666666666666664,
0.8,
0.07692307692307693,
0.05084745762711865,
0.017543859649122806,
0.6666666666666666,
0.0,
0.05660377358490566,
0.4444444444444444,
0.35,
0.01818181818181818,
0.0,
0.10714285714285714,
0.09230769230769231,
0.09090909090909091,
0.05172413793103448,
0.046153846153846156,
0.1206896551724138,
0.03636363636363636,
0.05,
0.42857142857142855,
0.07142857142857142,
0.1016949152542373,
0.05454545454545454,
0.2,
0.0,
0.03636363636363636,
0.05454545454545454,
0.03225806451612903,
0.0,
0.15,
0.04838709677419355,
0.0,
0.06666666666666667,
0.017543859649122806,
0.0,
0.4,
0.06779661016949153,
0.0,
0.17857142857142858,
0.36363636363636365,
0.6,
0.10526315789473684,
0.13043478260869565,
0.16666666666666666,
0.2857142857142857,
0.0,
0.09375,
0.21052631578947367,
0.0,
0.1,
0.07547169811320754,
0.2222222222222222,
0.058823529411764705,
0.03571428571428571,
0.015873015873015872,
0.7777777777777778,
0.023255813953488372,
0.03389830508474576,
0.018518518518518517,
0.125,
0.10204081632653061,
0.6666666666666666,
1.0,
0.5714285714285714,
0.09090909090909091,
0.5,
0.0,
0.0,
0.0,
0.01639344262295082,
0.015873015873015872,
0.14285714285714285,
0.09090909090909091,
0.03225806451612903,
0.19444444444444445,
0.0,
0.07547169811320754,
0.4,
0.2222222222222222,
0.1111111111111111,
0.047619047619047616,
0.0,
0.1694915254237288,
0.0625,
0.0,
0.23076923076923078,
0.0,
0.2,
0.0625,
0.4166666666666667,
0.015384615384615385,
0.0,
0.038461538461538464,
0.08196721311475409,
0.21428571428571427,
0.27419354838709675,
0.42857142857142855,
0.03125,
0.5555555555555556,
0.03225806451612903,
0.018518518518518517,
0.018518518518518517,
0.5714285714285714,
0.0,
0.3333333333333333,
0.21739130434782608,
0.03571428571428571,
