starting for model all_students
                          sex          age        quota  school_type
sex               1.000000000  0.071042246 -0.008308657 -0.052660932
age               0.071042246  1.000000000  0.038128094 -0.025031341
quota            -0.008308657  0.038128094  1.000000000  0.248140731
school_type      -0.052660932 -0.025031341  0.248140731  1.000000000
course           -0.043555638 -0.158279068  0.023199726  0.107646338
local             0.022034296  0.074146110 -0.079760091 -0.036697872
way_in            0.060133739  0.112129531  0.126611398 -0.002971829
fail_rate         0.056608438  0.183296016  0.162538833  0.105170863
pass_rate        -0.049322748 -0.196415943 -0.164140740 -0.138569618
drop_rate        -0.027364770  0.004333643  0.030140800  0.151297383
ira              -0.055148578 -0.188683767 -0.111165250 -0.082955866
improvement_rate -0.029966424 -0.083675826 -0.013383131 -0.002723728
credit_rate_acc  -0.026502207 -0.265217902 -0.138476586 -0.141955955
hard_rate        -0.043794968 -0.200361882 -0.159819730 -0.134562261
in_condition      0.055975908  0.075385225  0.096681792  0.050607765
position          0.065168243  0.156097437  0.027410747 -0.101347361
way_out          -0.044769372 -0.155121877  0.024703085  0.086806610
                      course        local       way_in   fail_rate    pass_rate
sex              -0.04355564  0.022034296  0.060133739  0.05660844 -0.049322748
age              -0.15827907  0.074146110  0.112129531  0.18329602 -0.196415943
quota             0.02319973 -0.079760091  0.126611398  0.16253883 -0.164140740
school_type       0.10764634 -0.036697872 -0.002971829  0.10517086 -0.138569618
course            1.00000000 -0.026695843  0.073899969 -0.10048962  0.096476012
local            -0.02669584  1.000000000 -0.020064570 -0.02146408  0.027978322
way_in            0.07389997 -0.020064570  1.000000000  0.01450100 -0.002439465
fail_rate        -0.10048962 -0.021464080  0.014500996  1.00000000 -0.882905307
pass_rate         0.09647601  0.027978322 -0.002439465 -0.88290531  1.000000000
drop_rate         0.01421642 -0.057780904  0.006189100  0.03022256 -0.166932169
ira               0.08308454  0.010737825  0.004376862 -0.60421677  0.614657781
improvement_rate  0.04894505  0.012171689  0.009640054 -0.23278930  0.241072457
credit_rate_acc   0.13270694  0.019579689  0.034823710 -0.57426682  0.612782047
hard_rate         0.11377652  0.043896102  0.007566693 -0.71536428  0.747172499
in_condition     -0.04877023 -0.041687174  0.061957504  0.44412948 -0.413452443
position         -0.09220540  0.004822125  0.008899730  0.44871480 -0.436376727
way_out           0.07574427 -0.030775389  0.033732044 -0.22749212  0.235513011
                    drop_rate          ira improvement_rate credit_rate_acc
sex              -0.027364770 -0.055148578     -0.029966424     -0.02650221
age               0.004333643 -0.188683767     -0.083675826     -0.26521790
quota             0.030140800 -0.111165250     -0.013383131     -0.13847659
school_type       0.151297383 -0.082955866     -0.002723728     -0.14195595
course            0.014216424  0.083084535      0.048945050      0.13270694
local            -0.057780904  0.010737825      0.012171689      0.01957969
way_in            0.006189100  0.004376862      0.009640054      0.03482371
fail_rate         0.030222564 -0.604216771     -0.232789303     -0.57426682
pass_rate        -0.166932169  0.614657781      0.241072457      0.61278205
drop_rate         1.000000000 -0.071831857     -0.044558432     -0.02981415
ira              -0.071831857  1.000000000      0.536432265      0.51671734
improvement_rate -0.044558432  0.536432265      1.000000000      0.25546142
credit_rate_acc  -0.029814149  0.516717342      0.255461416      1.00000000
hard_rate        -0.152446348  0.557232947      0.234593928      0.54620308
in_condition      0.153682739 -0.331059482     -0.146415150     -0.15702457
position         -0.056228565 -0.488637331     -0.236976874     -0.44013457
way_out           0.043916102  0.266387102      0.162267833      0.29121392
                    hard_rate in_condition     position     way_out
sex              -0.043794968   0.05597591  0.065168243 -0.04476937
age              -0.200361882   0.07538522  0.156097437 -0.15512188
quota            -0.159819730   0.09668179  0.027410747  0.02470309
school_type      -0.134562261   0.05060776 -0.101347361  0.08680661
course            0.113776516  -0.04877023 -0.092205396  0.07574427
local             0.043896102  -0.04168717  0.004822125 -0.03077539
way_in            0.007566693   0.06195750  0.008899730  0.03373204
fail_rate        -0.715364278   0.44412948  0.448714795 -0.22749212
pass_rate         0.747172499  -0.41345244 -0.436376727  0.23551301
drop_rate        -0.152446348   0.15368274 -0.056228565  0.04391610
ira               0.557232947  -0.33105948 -0.488637331  0.26638710
improvement_rate  0.234593928  -0.14641515 -0.236976874  0.16226783
credit_rate_acc   0.546203085  -0.15702457 -0.440134575  0.29121392
hard_rate         1.000000000  -0.42105007 -0.395180921  0.23097139
in_condition     -0.421050074   1.00000000  0.182408864 -0.03149758
position         -0.395180921   0.18240886  1.000000000 -0.24719005
way_out           0.230971392  -0.03149758 -0.247190046  1.00000000



starting for model young_students_from_ft_courses
                         sex          age        quota school_type      course
sex               1.00000000  0.023511178 -0.040957756 -0.10381420 -0.09207797
age               0.02351118  1.000000000  0.055668673  0.02103858  0.09821275
quota            -0.04095776  0.055668673  1.000000000  0.26638848  0.02928077
school_type      -0.10381420  0.021038578  0.266388480  1.00000000  0.03096854
course           -0.09207797  0.098212754  0.029280774  0.03096854  1.00000000
local             0.01579625 -0.001689364 -0.067080948 -0.01987365 -0.15701476
way_in            0.02961830  0.047793037  0.136105532 -0.01649292  0.01476556
fail_rate         0.03603426  0.143159189  0.194399499  0.13356194  0.08127218
pass_rate        -0.01776566 -0.153463595 -0.194118972 -0.15481641 -0.08470381
drop_rate        -0.05128477  0.025978058  0.039880096  0.13400093  0.07249878
ira              -0.02943370 -0.126939147 -0.143202780 -0.08524947 -0.04847435
improvement_rate -0.01135974 -0.023022558 -0.007354301  0.03644901 -0.01799494
credit_rate_acc   0.03201801 -0.134998014 -0.163815337 -0.15516655 -0.15540746
hard_rate        -0.01066049 -0.147557394 -0.186508214 -0.15086272 -0.07539328
in_condition      0.03977076  0.127924581  0.156103988  0.08340872  0.09410354
position          0.06540831  0.094055971  0.039160211 -0.14515685  0.02417116
way_out          -0.04236871 -0.060287604  0.063107390  0.12493546  0.01057250
                        local       way_in   fail_rate   pass_rate    drop_rate
sex               0.015796252  0.029618300  0.03603426 -0.01776566 -0.051284766
age              -0.001689364  0.047793037  0.14315919 -0.15346359  0.025978058
quota            -0.067080948  0.136105532  0.19439950 -0.19411897  0.039880096
school_type      -0.019873650 -0.016492921  0.13356194 -0.15481641  0.134000931
course           -0.157014763  0.014765556  0.08127218 -0.08470381  0.072498778
local             1.000000000 -0.017737515 -0.05795007  0.06549643 -0.042500662
way_in           -0.017737515  1.000000000  0.05996704 -0.05138310  0.043041963
fail_rate        -0.057950066  0.059967042  1.00000000 -0.88892656  0.112570720
pass_rate         0.065496427 -0.051383101 -0.88892656  1.00000000 -0.243630745
drop_rate        -0.042500662  0.043041963  0.11257072 -0.24363074  1.000000000
ira               0.045416763 -0.050996461 -0.60708869  0.62050615 -0.142623425
improvement_rate  0.027595579 -0.009140470 -0.19858921  0.20886637 -0.059966825
credit_rate_acc   0.118079645  0.009359343 -0.48260232  0.52065400 -0.076699982
hard_rate         0.067922504 -0.038268191 -0.74172461  0.75889523 -0.192686074
in_condition     -0.056172766  0.070370615  0.54495890 -0.51104748  0.146706367
position         -0.042635844  0.034772644  0.35047624 -0.34390186  0.001018084
way_out          -0.004804913  0.007308758 -0.14968892  0.15500804  0.064848894
                         ira improvement_rate credit_rate_acc   hard_rate
sex              -0.02943370     -0.011359739     0.032018014 -0.01066049
age              -0.12693915     -0.023022558    -0.134998014 -0.14755739
quota            -0.14320278     -0.007354301    -0.163815337 -0.18650821
school_type      -0.08524947      0.036449007    -0.155166546 -0.15086272
course           -0.04847435     -0.017994937    -0.155407461 -0.07539328
local             0.04541676      0.027595579     0.118079645  0.06792250
way_in           -0.05099646     -0.009140470     0.009359343 -0.03826819
fail_rate        -0.60708869     -0.198589209    -0.482602316 -0.74172461
pass_rate         0.62050615      0.208866368     0.520654003  0.75889523
drop_rate        -0.14262343     -0.059966825    -0.076699982 -0.19268607
ira               1.00000000      0.508649228     0.478207889  0.56459968
improvement_rate  0.50864923      1.000000000     0.251992047  0.19922071
credit_rate_acc   0.47820789      0.251992047     1.000000000  0.45792664
hard_rate         0.56459968      0.199220709     0.457926636  1.00000000
in_condition     -0.41691124     -0.147152798    -0.229137657 -0.52293927
position         -0.41845913     -0.197745534    -0.369772950 -0.31176348
way_out           0.16034488      0.107061176     0.196637964  0.15174660
                 in_condition     position      way_out
sex                0.03977076  0.065408305 -0.042368712
age                0.12792458  0.094055971 -0.060287604
quota              0.15610399  0.039160211  0.063107390
school_type        0.08340872 -0.145156847  0.124935464
course             0.09410354  0.024171155  0.010572499
local             -0.05617277 -0.042635844 -0.004804913
way_in             0.07037062  0.034772644  0.007308758
fail_rate          0.54495890  0.350476245 -0.149688924
pass_rate         -0.51104748 -0.343901857  0.155008041
drop_rate          0.14670637  0.001018084  0.064848894
ira               -0.41691124 -0.418459131  0.160344882
improvement_rate  -0.14715280 -0.197745534  0.107061176
credit_rate_acc   -0.22913766 -0.369772950  0.196637964
hard_rate         -0.52293927 -0.311763476  0.151746604
in_condition       1.00000000  0.171718873 -0.058049959
position           0.17171887  1.000000000 -0.208207004
way_out           -0.05804996 -0.208207004  1.000000000



starting for model old_students_from_ft_courses
                 sex         age       quota school_type      course
sex               NA          NA          NA          NA          NA
age               NA  1.00000000 -0.30981915 -0.12551067  0.26491782
quota             NA -0.30981915  1.00000000  0.32293671 -0.35000000
school_type       NA -0.12551067  0.32293671  1.00000000  0.29117244
course            NA  0.26491782 -0.35000000  0.29117244  1.00000000
local             NA  0.52616765 -0.60314831 -0.22416822  0.12309149
way_in            NA  0.04763086  0.14088613 -0.19655537 -0.10773645
fail_rate         NA -0.10577140 -0.03569153  0.08313912 -0.06246018
pass_rate         NA  0.12809972  0.14173141 -0.16652538 -0.16001933
drop_rate         NA  0.02308034  0.01070882  0.16327580  0.10173382
ira               NA  0.13160458  0.23356193 -0.18232125 -0.24730087
improvement_rate  NA -0.06390070  0.06226221 -0.12808048 -0.20012852
credit_rate_acc   NA  0.13249683  0.25819889 -0.17184092 -0.20748125
hard_rate         NA  0.26126244  0.04216370 -0.17857321 -0.05797509
in_condition      NA -0.08046126  0.01317616 -0.15625156 -0.01317616
position          NA  0.02884675 -0.07138306 -0.31744028 -0.16507333
way_out           NA  0.08375654  0.15340022 -0.07276484 -0.14112820
                       local       way_in   fail_rate   pass_rate    drop_rate
sex                       NA           NA          NA          NA           NA
age               0.52616765  0.047630862 -0.10577140  0.12809972  0.023080338
quota            -0.60314831  0.140886128 -0.03569153  0.14173141  0.010708823
school_type      -0.22416822 -0.196555366  0.08313912 -0.16652538  0.163275801
course            0.12309149 -0.107736451 -0.06246018 -0.16001933  0.101733823
local             1.00000000  0.048965318  0.07029318  0.06303046 -0.158179805
way_in            0.04896532  1.000000000  0.31353812  0.01818716 -0.475692013
fail_rate         0.07029318  0.313538120  1.00000000 -0.61356055 -0.393680727
pass_rate         0.06303046  0.018187163 -0.61356055  1.00000000 -0.109671603
drop_rate        -0.15817980 -0.475692013 -0.39368073 -0.10967160  1.000000000
ira               0.10372364  0.060725510 -0.33344731  0.59966583 -0.156936373
improvement_rate  0.21459054 -0.005897063 -0.15873096  0.21796947 -0.060960454
credit_rate_acc   0.02270149  0.061137213 -0.47394070  0.74538906 -0.047400108
hard_rate         0.02075997 -0.111817049 -0.53799712  0.69397792  0.009030473
in_condition      0.10379986  0.628970902  0.54552156 -0.26506101 -0.457167686
position          0.02635994  0.372696255  0.28980892 -0.11749032 -0.229328579
way_out           0.12688880  0.325450731  0.29784482 -0.03590876 -0.241810715
                         ira improvement_rate credit_rate_acc    hard_rate
sex                       NA               NA              NA           NA
age               0.13160458     -0.063900699      0.13249683  0.261262444
quota             0.23356193      0.062262206      0.25819889  0.042163702
school_type      -0.18232125     -0.128080479     -0.17184092 -0.178573208
course           -0.24730087     -0.200128519     -0.20748125 -0.057975090
local             0.10372364      0.214590537      0.02270149  0.020759972
way_in            0.06072551     -0.005897063      0.06113721 -0.111817049
fail_rate        -0.33344731     -0.158730959     -0.47394070 -0.537997124
pass_rate         0.59966583      0.217969470      0.74538906  0.693977918
drop_rate        -0.15693637     -0.060960454     -0.04740011  0.009030473
ira               1.00000000      0.472515793      0.74663867  0.587008239
improvement_rate  0.47251579      1.000000000      0.29527406  0.138760841
credit_rate_acc   0.74663867      0.295274065      1.00000000  0.594876080
hard_rate         0.58700824      0.138760841      0.59487608  1.000000000
in_condition     -0.07723793      0.159387453     -0.12636257 -0.477777778
position         -0.14710911     -0.092063956     -0.08886388 -0.237019712
way_out           0.16635641      0.004366188      0.08600543 -0.046569032
                 in_condition    position      way_out
sex                        NA          NA           NA
age               -0.08046126  0.02884675  0.083756536
quota              0.01317616 -0.07138306  0.153400217
school_type       -0.15625156 -0.31744028 -0.072764837
course            -0.01317616 -0.16507333 -0.141128199
local              0.10379986  0.02635994  0.126888797
way_in             0.62897090  0.37269626  0.325450731
fail_rate          0.54552156  0.28980892  0.297844815
pass_rate         -0.26506101 -0.11749032 -0.035908755
drop_rate         -0.45716769 -0.22932858 -0.241810715
ira               -0.07723793 -0.14710911  0.166356413
improvement_rate   0.15938745 -0.09206396  0.004366188
credit_rate_acc   -0.12636257 -0.08886388  0.086005434
hard_rate         -0.47777778 -0.23701971 -0.046569032
in_condition       1.00000000  0.37151899  0.407479026
position           0.37151899  1.00000000  0.113881841
way_out            0.40747903  0.11388184  1.000000000



starting for model young_students_from_night_courses
                          sex          age        quota  school_type course
sex               1.000000000  0.090658416  0.021381635 -0.029371318     NA
age               0.090658416  1.000000000  0.053658066  0.008724225     NA
quota             0.021381635  0.053658066  1.000000000  0.201643045     NA
school_type      -0.029371318  0.008724225  0.201643045  1.000000000     NA
course                     NA           NA           NA           NA     NA
local             0.042045139  0.148597053 -0.066486141 -0.001532091     NA
way_in            0.127036855  0.376767518  0.129971306 -0.035847103     NA
fail_rate         0.057804891  0.089715653  0.042647126  0.059413496     NA
pass_rate        -0.056143776 -0.092779607 -0.039442091 -0.121782151     NA
drop_rate        -0.010581057 -0.084067044  0.010452829  0.170736954     NA
ira              -0.039520610 -0.095347875 -0.005542815 -0.117539274     NA
improvement_rate -0.016884358 -0.024602097  0.029958226 -0.093125677     NA
credit_rate_acc  -0.007669121 -0.181206466 -0.039836139 -0.189189138     NA
hard_rate        -0.029643220 -0.028260579 -0.061900266 -0.142498132     NA
in_condition      0.101826414 -0.038024172 -0.018662214 -0.046513563     NA
position          0.035449692  0.114873660 -0.010401641 -0.002744959     NA
way_out          -0.024649349 -0.038174819 -0.004100131  0.012545317     NA
                        local       way_in    fail_rate   pass_rate
sex               0.042045139  0.127036855  0.057804891 -0.05614378
age               0.148597053  0.376767518  0.089715653 -0.09277961
quota            -0.066486141  0.129971306  0.042647126 -0.03944209
school_type      -0.001532091 -0.035847103  0.059413496 -0.12178215
course                     NA           NA           NA          NA
local             1.000000000  0.096623181  0.018107306 -0.01776765
way_in            0.096623181  1.000000000 -0.008599868  0.02597520
fail_rate         0.018107306 -0.008599868  1.000000000 -0.84665817
pass_rate        -0.017767647  0.025975200 -0.846658171  1.00000000
drop_rate        -0.036686861 -0.029038039 -0.118902126 -0.06126724
ira               0.029457774  0.048741704 -0.572575878  0.59921625
improvement_rate  0.042695276  0.036937433 -0.252408683  0.27270157
credit_rate_acc  -0.010263565 -0.006759914 -0.532283271  0.58933590
hard_rate         0.023612488  0.053131138 -0.633940406  0.68830862
in_condition      0.020044619  0.070163786  0.262107942 -0.21494497
position          0.012071504  0.032043138  0.583507712 -0.57405879
way_out          -0.019224158  0.059466149 -0.306094032  0.31377441
                    drop_rate          ira improvement_rate credit_rate_acc
sex              -0.010581057 -0.039520610      -0.01688436    -0.007669121
age              -0.084067044 -0.095347875      -0.02460210    -0.181206466
quota             0.010452829 -0.005542815       0.02995823    -0.039836139
school_type       0.170736954 -0.117539274      -0.09312568    -0.189189138
course                     NA           NA               NA              NA
local            -0.036686861  0.029457774       0.04269528    -0.010263565
way_in           -0.029038039  0.048741704       0.03693743    -0.006759914
fail_rate        -0.118902126 -0.572575878      -0.25240868    -0.532283271
pass_rate        -0.061267245  0.599216246       0.27270157     0.589335899
drop_rate         1.000000000  0.002643613      -0.04900566     0.062562549
ira               0.002643613  1.000000000       0.58381722     0.505978514
improvement_rate -0.049005657  0.583817221       1.00000000     0.274626016
credit_rate_acc   0.062562549  0.505978514       0.27462602     1.000000000
hard_rate        -0.074695220  0.510783269       0.25429895     0.508167535
in_condition      0.087142273 -0.160809535      -0.09981479     0.112353883
position         -0.100588750 -0.557556979      -0.28208893    -0.574461577
way_out           0.065532822  0.351170187       0.18366932     0.399072491
                   hard_rate in_condition     position      way_out
sex              -0.02964322   0.10182641  0.035449692 -0.024649349
age              -0.02826058  -0.03802417  0.114873660 -0.038174819
quota            -0.06190027  -0.01866221 -0.010401641 -0.004100131
school_type      -0.14249813  -0.04651356 -0.002744959  0.012545317
course                    NA           NA           NA           NA
local             0.02361249   0.02004462  0.012071504 -0.019224158
way_in            0.05313114   0.07016379  0.032043138  0.059466149
fail_rate        -0.63394041   0.26210794  0.583507712 -0.306094032
pass_rate         0.68830862  -0.21494497 -0.574058787  0.313774405
drop_rate        -0.07469522   0.08714227 -0.100588750  0.065532822
ira               0.51078327  -0.16080954 -0.557556979  0.351170187
improvement_rate  0.25429895  -0.09981479 -0.282088932  0.183669316
credit_rate_acc   0.50816754   0.11235388 -0.574461577  0.399072491
hard_rate         1.00000000  -0.20273531 -0.487176683  0.297206368
in_condition     -0.20273531   1.00000000  0.110511255  0.076367065
position         -0.48717668   0.11051125  1.000000000 -0.307333890
way_out           0.29720637   0.07636706 -0.307333890  1.000000000



starting for model old_students_from_night_courses
                          sex           age       quota school_type course
sex               1.000000000  0.0717383007 -0.11205022 -0.12804928     NA
age               0.071738301  1.0000000000 -0.02855669 -0.01572431     NA
quota            -0.112050220 -0.0285566892  1.00000000  0.10690593     NA
school_type      -0.128049280 -0.0157243091  0.10690593  1.00000000     NA
course                     NA            NA          NA          NA     NA
local            -0.048288086  0.1944945547 -0.11220778 -0.12623616     NA
way_in            0.122679455  0.0069403622 -0.10096515 -0.28148019     NA
fail_rate        -0.018366667 -0.0143351580  0.10879969  0.09117698     NA
pass_rate         0.016567082 -0.0041259324 -0.11130121 -0.12263550     NA
drop_rate         0.009034224  0.0066747606 -0.05646973  0.03584911     NA
ira              -0.071017119  0.0003123191 -0.04266432 -0.06441285     NA
improvement_rate -0.020842537 -0.0078162112 -0.01028616  0.10247772     NA
credit_rate_acc   0.026343264 -0.0646456553 -0.05855623 -0.19387625     NA
hard_rate         0.134073933 -0.0319827117 -0.14128980 -0.12963408     NA
in_condition      0.019963679 -0.1661683575 -0.03130153 -0.11884672     NA
position          0.022703647  0.0249375663 -0.01277646 -0.02171091     NA
way_out          -0.148733945 -0.0786616797 -0.02896248  0.02264548     NA
                        local       way_in   fail_rate    pass_rate
sex              -0.048288086  0.122679455 -0.01836667  0.016567082
age               0.194494555  0.006940362 -0.01433516 -0.004125932
quota            -0.112207784 -0.100965147  0.10879969 -0.111301212
school_type      -0.126236156 -0.281480193  0.09117698 -0.122635499
course                     NA           NA          NA           NA
local             1.000000000 -0.138743124 -0.08057918  0.080098193
way_in           -0.138743124  1.000000000  0.06774060 -0.050545589
fail_rate        -0.080579179  0.067740599  1.00000000 -0.896419987
pass_rate         0.080098193 -0.050545589 -0.89641999  1.000000000
drop_rate         0.035607311 -0.088193268 -0.31568857  0.180881281
ira               0.022510915  0.059151838 -0.50385600  0.519892068
improvement_rate  0.008085050 -0.051357602 -0.03371241  0.052911848
credit_rate_acc   0.006761339  0.064119596 -0.61506174  0.641219962
hard_rate         0.060128443  0.031629353 -0.67316210  0.698657305
in_condition     -0.003291643  0.191318510  0.09554419 -0.079966755
position          0.045848288  0.106783702  0.54937187 -0.540921266
way_out          -0.017494353  0.093894435 -0.30904115  0.300597554
                    drop_rate           ira improvement_rate credit_rate_acc
sex               0.009034224 -0.0710171187     -0.020842537     0.026343264
age               0.006674761  0.0003123191     -0.007816211    -0.064645655
quota            -0.056469734 -0.0426643196     -0.010286162    -0.058556227
school_type       0.035849109 -0.0644128478      0.102477720    -0.193876251
course                     NA            NA               NA              NA
local             0.035607311  0.0225109153      0.008085050     0.006761339
way_in           -0.088193268  0.0591518375     -0.051357602     0.064119596
fail_rate        -0.315688566 -0.5038560013     -0.033712408    -0.615061737
pass_rate         0.180881281  0.5198920684      0.052911848     0.641219962
drop_rate         1.000000000  0.1403207303     -0.058854956     0.274689579
ira               0.140320730  1.0000000000      0.403216913     0.474421359
improvement_rate -0.058854956  0.4032169131      1.000000000     0.027069393
credit_rate_acc   0.274689579  0.4744213590      0.027069393     1.000000000
hard_rate         0.150174390  0.4344330149      0.062312958     0.540017280
in_condition      0.131045723 -0.0704330785     -0.170049933     0.176235920
position         -0.250598477 -0.5123672107     -0.125487901    -0.553674140
way_out           0.213504801  0.4311211632      0.066029236     0.415760102
                   hard_rate in_condition     position     way_out
sex               0.13407393  0.019963679  0.022703647 -0.14873394
age              -0.03198271 -0.166168357  0.024937566 -0.07866168
quota            -0.14128980 -0.031301534 -0.012776461 -0.02896248
school_type      -0.12963408 -0.118846721 -0.021710905  0.02264548
course                    NA           NA           NA          NA
local             0.06012844 -0.003291643  0.045848288 -0.01749435
way_in            0.03162935  0.191318510  0.106783702  0.09389444
fail_rate        -0.67316210  0.095544194  0.549371872 -0.30904115
pass_rate         0.69865731 -0.079966755 -0.540921266  0.30059755
drop_rate         0.15017439  0.131045723 -0.250598477  0.21350480
ira               0.43443301 -0.070433079 -0.512367211  0.43112116
improvement_rate  0.06231296 -0.170049933 -0.125487901  0.06602924
credit_rate_acc   0.54001728  0.176235920 -0.553674140  0.41576010
hard_rate         1.00000000 -0.112478592 -0.470031429  0.32234073
in_condition     -0.11247859  1.000000000 -0.001681264  0.15892701
position         -0.47003143 -0.001681264  1.000000000 -0.34494698
way_out           0.32234073  0.158927013 -0.344946982  1.00000000



starting for model young_students_from_normal_courses
                          sex          age        quota  school_type
sex               1.000000000  0.049527876  0.009986865 -0.006241467
age               0.049527876  1.000000000  0.021152355 -0.064492987
quota             0.009986865  0.021152355  1.000000000  0.267657639
school_type      -0.006241467 -0.064492987  0.267657639  1.000000000
course           -0.023173655 -0.136442183  0.116501237  0.425374638
local             0.016167149  0.088897840 -0.076765539 -0.052314477
way_in            0.051159905  0.033131579  0.140970956  0.086573353
fail_rate         0.056770919  0.111614548  0.196902892  0.129787996
pass_rate        -0.053813767 -0.118472713 -0.200246081 -0.155079990
drop_rate        -0.022484379 -0.006925032  0.028168386  0.158149732
ira              -0.060150971 -0.129625199 -0.154394088 -0.085581802
improvement_rate -0.042552217 -0.062986566 -0.044834311  0.004006700
credit_rate_acc  -0.041841521 -0.204672562 -0.164761045 -0.146026399
hard_rate        -0.050381192 -0.105797381 -0.189269129 -0.158663731
in_condition      0.043860931  0.012578499  0.109315807  0.108460985
position          0.060737923  0.128496395  0.043095649 -0.123540959
way_out          -0.024676150 -0.132604251  0.019786984  0.085137962
                       course        local      way_in   fail_rate    pass_rate
sex              -0.023173655  0.016167149  0.05115990  0.05677092 -0.053813767
age              -0.136442183  0.088897840  0.03313158  0.11161455 -0.118472713
quota             0.116501237 -0.076765539  0.14097096  0.19690289 -0.200246081
school_type       0.425374638 -0.052314477  0.08657335  0.12978800 -0.155079990
course            1.000000000 -0.130393634  0.12036280  0.01523601 -0.048118463
local            -0.130393634  1.000000000 -0.09663080  0.01002431 -0.007181411
way_in            0.120362799 -0.096630795  1.00000000 -0.02099125  0.022718546
fail_rate         0.015236010  0.010024311 -0.02099125  1.00000000 -0.886235754
pass_rate        -0.048118463 -0.007181411  0.02271855 -0.88623575  1.000000000
drop_rate         0.216208643 -0.051711619  0.03161340  0.03163242 -0.163116868
ira              -0.005642548 -0.023850121  0.03022131 -0.60856955  0.612689604
improvement_rate  0.005635303 -0.017204287  0.01048623 -0.23015826  0.234587852
credit_rate_acc   0.005047692 -0.060518000  0.07598442 -0.59509953  0.613247291
hard_rate        -0.052465980  0.020640545  0.02478537 -0.71023760  0.738927076
in_condition      0.048921190 -0.040918096  0.03781638  0.44616967 -0.431013894
position         -0.100010680  0.029412416 -0.05010323  0.45125441 -0.433351033
way_out           0.067625017 -0.049007125  0.04894520 -0.17661849  0.182635662
                    drop_rate          ira improvement_rate credit_rate_acc
sex              -0.022484379 -0.060150971     -0.042552217    -0.041841521
age              -0.006925032 -0.129625199     -0.062986566    -0.204672562
quota             0.028168386 -0.154394088     -0.044834311    -0.164761045
school_type       0.158149732 -0.085581802      0.004006700    -0.146026399
course            0.216208643 -0.005642548      0.005635303     0.005047692
local            -0.051711619 -0.023850121     -0.017204287    -0.060518000
way_in            0.031613401  0.030221314      0.010486234     0.075984418
fail_rate         0.031632419 -0.608569548     -0.230158261    -0.595099531
pass_rate        -0.163116868  0.612689604      0.234587852     0.613247291
drop_rate         1.000000000 -0.071642926     -0.026483523     0.005361150
ira              -0.071642926  1.000000000      0.528511026     0.520331085
improvement_rate -0.026483523  0.528511026      1.000000000     0.228313905
credit_rate_acc   0.005361150  0.520331085      0.228313905     1.000000000
hard_rate        -0.155298739  0.549371280      0.220115480     0.523960555
in_condition      0.176409610 -0.351097270     -0.150192382    -0.178416246
position         -0.064616307 -0.478745854     -0.222134784    -0.442471220
way_out           0.026830685  0.220105740      0.140510987     0.223644729
                   hard_rate in_condition    position     way_out
sex              -0.05038119   0.04386093  0.06073792 -0.02467615
age              -0.10579738   0.01257850  0.12849639 -0.13260425
quota            -0.18926913   0.10931581  0.04309565  0.01978698
school_type      -0.15866373   0.10846098 -0.12354096  0.08513796
course           -0.05246598   0.04892119 -0.10001068  0.06762502
local             0.02064054  -0.04091810  0.02941242 -0.04900713
way_in            0.02478537   0.03781638 -0.05010323  0.04894520
fail_rate        -0.71023760   0.44616967  0.45125441 -0.17661849
pass_rate         0.73892708  -0.43101389 -0.43335103  0.18263566
drop_rate        -0.15529874   0.17640961 -0.06461631  0.02683068
ira               0.54937128  -0.35109727 -0.47874585  0.22010574
improvement_rate  0.22011548  -0.15019238 -0.22213478  0.14051099
credit_rate_acc   0.52396055  -0.17841625 -0.44247122  0.22364473
hard_rate         1.00000000  -0.44503298 -0.39128385  0.16943443
in_condition     -0.44503298   1.00000000  0.20994474 -0.01733685
position         -0.39128385   0.20994474  1.00000000 -0.17908555
way_out           0.16943443  -0.01733685 -0.17908555  1.00000000



starting for model old_students_from_normal_courses
                          sex          age        quota school_type      course
sex               1.000000000  0.014836812  0.123091491  0.15445666  0.12156613
age               0.014836812  1.000000000  0.002739428  0.17702952  0.06763702
quota             0.123091491  0.002739428  1.000000000  0.36757114  0.38905768
school_type       0.154456657  0.177029523  0.367571137  1.00000000  0.36614563
course            0.121566135  0.067637019  0.389057676  0.36614563  1.00000000
local             0.059708143  0.157464899 -0.088194773  0.08300088  0.04355093
way_in            0.077545578 -0.180903786  0.000000000 -0.19022978  0.13641302
fail_rate        -0.053495062 -0.014286531  0.057946125 -0.07932162  0.04682295
pass_rate         0.007197225 -0.142716650 -0.143518585 -0.04335471 -0.09186858
drop_rate        -0.067460317  0.243217733  0.049822746  0.02022647  0.01157773
ira               0.026061411 -0.077554603 -0.010998645 -0.05175461 -0.01357794
improvement_rate  0.186959995  0.093985927  0.059563536  0.01528794  0.05347766
credit_rate_acc  -0.130280950 -0.126125242 -0.187092224 -0.21128898 -0.27188140
hard_rate        -0.022786198 -0.069981426 -0.215968601 -0.05103246 -0.29362318
in_condition     -0.296174439 -0.059322839  0.010936966 -0.30192435 -0.27363634
position          0.053903852  0.031670547 -0.061042971 -0.25976524 -0.08387690
way_out           0.069942859 -0.191186311 -0.112428254  0.06481884 -0.09002841
                        local       way_in   fail_rate    pass_rate   drop_rate
sex               0.059708143  0.077545578 -0.05349506  0.007197225 -0.06746032
age               0.157464899 -0.180903786 -0.01428653 -0.142716650  0.24321773
quota            -0.088194773  0.000000000  0.05794612 -0.143518585  0.04982275
school_type       0.083000882 -0.190229783 -0.07932162 -0.043354715  0.02022647
course            0.043550929  0.136413023  0.04682295 -0.091868580  0.01157773
local             1.000000000 -0.279440304 -0.09007336  0.218519210 -0.16419739
way_in           -0.279440304  1.000000000 -0.03338166  0.152463338 -0.08797187
fail_rate        -0.090073361 -0.033381658  1.00000000 -0.691642760 -0.21398025
pass_rate         0.218519210  0.152463338 -0.69164276  1.000000000 -0.14651494
drop_rate        -0.164197394 -0.087971874 -0.21398025 -0.146514943  1.00000000
ira               0.002000672  0.154067505 -0.38430928  0.431196286  0.06063267
improvement_rate -0.165475566  0.068626837 -0.22167890  0.125377625  0.16810689
credit_rate_acc   0.011668250  0.247813572 -0.36519590  0.573848744 -0.03722313
hard_rate         0.120406157 -0.001870908 -0.52366051  0.668617389 -0.03417930
in_condition     -0.132630194  0.267498211  0.23195425 -0.046043298  0.04019510
position         -0.009655497  0.162872681  0.28512937 -0.224860555 -0.19097365
way_out          -0.050850868  0.085128626 -0.33119741  0.299016341  0.11637551
                          ira improvement_rate credit_rate_acc    hard_rate
sex               0.026061411       0.18695999     -0.13028095 -0.022786198
age              -0.077554603       0.09398593     -0.12612524 -0.069981426
quota            -0.010998645       0.05956354     -0.18709222 -0.215968601
school_type      -0.051754609       0.01528794     -0.21128898 -0.051032459
course           -0.013577936       0.05347766     -0.27188140 -0.293623176
local             0.002000672      -0.16547557      0.01166825  0.120406157
way_in            0.154067505       0.06862684      0.24781357 -0.001870908
fail_rate        -0.384309281      -0.22167890     -0.36519590 -0.523660508
pass_rate         0.431196286       0.12537763      0.57384874  0.668617389
drop_rate         0.060632671       0.16810689     -0.03722313 -0.034179296
ira               1.000000000       0.52327563      0.42344309  0.535983439
improvement_rate  0.523275632       1.00000000      0.13898003  0.208995856
credit_rate_acc   0.423443091       0.13898003      1.00000000  0.503178965
hard_rate         0.535983439       0.20899586      0.50317896  1.000000000
in_condition     -0.123058512      -0.29705863      0.34920228 -0.095156519
position         -0.456603539      -0.29735627     -0.25562428 -0.362583482
way_out           0.469825350       0.27202774      0.30552745  0.448869875
                 in_condition     position     way_out
sex               -0.29617444  0.053903852  0.06994286
age               -0.05932284  0.031670547 -0.19118631
quota              0.01093697 -0.061042971 -0.11242825
school_type       -0.30192435 -0.259765235  0.06481884
course            -0.27363634 -0.083876902 -0.09002841
local             -0.13263019 -0.009655497 -0.05085087
way_in             0.26749821  0.162872681  0.08512863
fail_rate          0.23195425  0.285129369 -0.33119741
pass_rate         -0.04604330 -0.224860555  0.29901634
drop_rate          0.04019510 -0.190973648  0.11637551
ira               -0.12305851 -0.456603539  0.46982535
improvement_rate  -0.29705863 -0.297356268  0.27202774
credit_rate_acc    0.34920228 -0.255624281  0.30552745
hard_rate         -0.09515652 -0.362583482  0.44886987
in_condition       1.00000000  0.151347662 -0.19301773
position           0.15134766  1.000000000 -0.42155155
way_out           -0.19301773 -0.421551546  1.00000000
